Site	Week	Year	DPH_porp	Hours_in_week	Porpotion	SST_median	logCHL_median	lunar_frac_med	lunar_frac_mean
1	45	2014	9	120	0.075	14.63733101	0.948511618	0.96	0.94
1	46	2014	6	168	0.035714286	13.52345896	0.81548976	0.64	0.63
1	47	2014	2	168	0.011904762	10.98465919	1.223357088	0.06	0.09
1	48	2014	0	168	0	10.116786	0.983088457	0.26	0.28
1	49	2014	1	168	0.005952381	9.700111866	NA	0.94	0.9
1	50	2014	2	168	0.011904762	8.160513401	NA	0.79	0.77
1	51	2014	1	168	0.005952381	7.116964579	1.176801133	0.17	0.19
1	52	2014	2	168	0.011904762	6.933779955	NA	0.13	0.17
1	1	2015	12	168	0.071428571	6.480556	1.362532423	0.84	0.53
1	2	2015	0	168	0	5.768831253	1.362532423	0.92	0.89
1	3	2015	16	168	0.095238095	3.965250134	1.196553227	0.33	0.33
1	4	2015	14	168	0.083333333	4.041606188	0.910171248	0.04	0.09
1	5	2015	14	168	0.083333333	3.599833488	1.642447841	0.71	0.69
1	6	2015	5	168	0.029761905	2.432330847	1.702028072	0.97	0.95
1	7	2015	10	168	0.05952381	1.630482495	1.397257065	0.5	0.49
1	8	2015	3	168	0.017857143	0.31006822	0.806179825	0.05	0.06
1	9	2015	2	168	0.011904762	-0.451666698	NA	0.55	0.54
1	10	2015	1	168	0.005952381	-0.256526433	NA	0.98	0.96
1	11	2015	6	168	0.035714286	1.428094625	0.875992565	0.66	0.64
1	12	2015	21	168	0.125	2.460533261	1.111124685	0.05	0.08
1	13	2015	17	168	0.101190476	3.386015892	1.526178802	0.39	0.39
1	14	2015	9	168	0.053571429	4.749758244	2.295802884	0.95	0.92
1	15	2015	16	168	0.095238095	6.279954195	1.588026296	0.8	0.77
1	16	2015	4	168	0.023809524	8.665160179	2.110219154	0.1	0.14
1	17	2015	7	144	0.048611111	9.457317591	2.277247604	0.23	0.25
1	18	2015	3	168	0.017857143	9.882725239	2.444276053	0.86	0.83
1	19	2015	3	168	0.017857143	13.01426172	2.045405225	0.9	0.86
1	20	2015	1	168	0.005952381	14.92536306	2.058775351	0.2	0.23
1	21	2015	2	168	0.011904762	15.64135695	1.509753211	0.11	0.14
1	22	2015	3	168	0.017857143	16.41492271	1.212523231	0.73	0.71
1	23	2015	0	168	0	16.87906361	0.920298707	0.97	0.93
1	24	2015	0	168	0	17.92147827	0.874013912	0.33	0.34
1	25	2015	0	168	0	20.95956421	0.874013912	0.03	0.07
1	26	2015	0	168	0	22.00274754	0.379771857	0.57	0.57
1	27	2015	0	168	0	22.19473362	0.803013612	0.96	0.95
1	28	2015	0	144	0	22.99826003	0.856669402	0.46	0.47
1	29	2015	0	168	0	23.42209911	NA	0.04	0.04
1	30	2015	0	168	0	24.26942444	NA	0.41	0.42
1	31	2015	0	168	0	24.85016441	0.374374782	0.96	0.93
1	32	2015	0	168	0	24.43523026	1.019148734	0.6	0.59
1	33	2015	0	168	0	23.65153885	1.019148734	0.02	0.06
1	34	2015	0	168	0	24.80081463	1.795322281	0.26	0.28
1	35	2015	0	168	0	24.70061779	NA	0.91	0.87
1	36	2015	0	168	0	24.44298744	NA	0.74	0.72
1	37	2015	0	168	0	24.41758251	2.047221833	0.09	0.12
1	38	2015	0	144	0	23.49814701	2.442727438	0.13	0.16
1	39	2015	9	168	0.053571429	21.89973068	NA	0.79	0.77
1	40	2015	3	168	0.017857143	21.12250137	NA	0.86	0.83
1	41	2015	2	168	0.011904762	18.4508028	1.159302955	0.19	0.22
1	42	2015	0	168	0	17.96811104	1.531819996	0.04	0.08
1	43	2015	1	168	0.005952381	NA	1.736121598	0.65	0.64
1	44	2015	3	168	0.017857143	16.22129536	1.085077597	0.96	0.91
1	45	2015	2	168	0.011904762	16.32645798	1.243998106	0.34	0.35
1	46	2015	2	168	0.011904762	15.02269506	1.053542025	0.02	0.04
1	47	2015	0	168	0	14.39570856	1.32600945	0.49	0.5
1	48	2015	0	168	0	12.69094086	0.990385782	0.96	0.95
1	49	2015	0	168	0	11.48594475	0.990385782	0.51	0.51
1	50	2015	0	144	0	11.303828	0.772007128	0.04	0.05
1	51	2015	1	168	0.005952381	11.43556786	0.924257286	0.34	0.36
1	52	2015	0	168	0	11.05416679	NA	0.96	0.93
1	53	2015	6	168	0.035714286	11.05416679	1.457636296	0.69	0.67
1	1	2016	4	168	0.023809524	9.4062	1.457636296	0.09	0.12
1	2	2016	6	168	0.035714286	8.671807766	1.560281876	0.2	0.23
1	3	2016	2	168	0.011904762	5.841470003	0.739238509	0.91	0.87
1	4	2016	2	168	0.011904762	4.863215923	1.598687161	0.84	0.81
1	5	2016	20	168	0.119047619	5.083375692	1.49605756	0.22	0.24
1	6	2016	13	168	0.077380952	5.245797157	1.288077456	0.09	0.14
1	7	2016	4	168	0.023809524	4.214706182	1.288077456	0.8	0.77
1	8	2016	17	144	0.118055556	4.875480891	1.222803502	0.95	0.91
1	9	2016	21	168	0.125	5.543652534	1.104066392	0.38	0.38
1	10	2016	22	168	0.130952381	6.915660143	1.131697676	0.05	0.07
1	11	2016	27	168	0.160714286	7.652122021	1.379312033	0.66	0.64
1	12	2016	17	168	0.101190476	7.890487432	1.30194379	0.97	0.96
1	13	2016	5	168	0.029761905	8.809044361	1.301555163	0.54	0.53
1	14	2016	15	168	0.089285714	8.986002445	1.690638546	0.05	0.06
1	15	2016	13	168	0.077380952	9.162622452	1.690638546	0.51	0.5
1	16	2016	1	168	0.005952381	10.62250376	1.185901143	0.96	0.95
1	17	2016	12	168	0.071428571	11.85093784	1.054250348	0.7	0.68
1	18	2016	16	168	0.095238095	12.56958389	0.459285749	0.04	0.09
1	19	2016	2	168	0.011904762	12.75316715	NA	0.35	0.36
1	20	2016	0	48	0	13.35086513	NA	0.94	0.9
2	45	2014	0	96	0	15.52069998	0.446721579	0.96	0.94
2	46	2014	1	168	0.005952381	14.87471581	0.27930193	0.64	0.63
2	47	2014	0	168	0	12.82430506	1.160304418	0.06	0.09
2	48	2014	0	168	0	12.0164876	0.75886283	0.26	0.28
2	49	2014	0	168	0	11.28634882	NA	0.94	0.9
2	50	2014	0	168	0	9.7051301	NA	0.79	0.77
2	51	2014	0	168	0	7.910119057	0.481233459	0.17	0.19
2	52	2014	4	168	0.023809524	7.470340014	NA	0.13	0.17
2	1	2015	1	168	0.005952381	7.696825743	0.816412458	0.84	0.53
2	2	2015	1	168	0.005952381	6.359548569	0.816412458	0.92	0.89
2	3	2015	2	168	0.011904762	6.042435169	0.59748918	0.33	0.33
2	4	2015	15	168	0.089285714	6.131515265	-0.119356341	0.04	0.09
2	5	2015	29	168	0.172619048	4.757580996	1.414233617	0.71	0.69
2	6	2015	37	168	0.220238095	3.716249228	1.497486178	0.97	0.95
2	7	2015	19	168	0.113095238	3.227708459	1.404044289	0.5	0.49
2	8	2015	14	168	0.083333333	2.134312034	1.054095978	0.05	0.06
2	9	2015	21	168	0.125	1.454479277	NA	0.55	0.54
2	10	2015	25	168	0.148809524	1.472250044	NA	0.98	0.96
2	11	2015	8	168	0.047619048	2.739024878	NA	0.66	0.64
2	12	2015	15	168	0.089285714	3.655059099	NA	0.05	0.08
2	13	2015	17	168	0.101190476	4.044149876	2.042901259	0.39	0.39
2	14	2015	17	168	0.101190476	4.690288305	1.961260025	0.95	0.92
2	15	2015	23	168	0.136904762	6.324114084	1.133698835	0.8	0.77
2	16	2015	15	168	0.089285714	8.433319092	1.017059255	0.1	0.14
2	17	2015	4	144	0.027777778	8.848624706	1.347821735	0.23	0.25
2	18	2015	7	168	0.041666667	9.288247108	1.678584215	0.86	0.83
2	19	2015	3	168	0.017857143	12.55087376	1.629779436	0.9	0.86
2	20	2015	2	168	0.011904762	14.59656525	1.083301335	0.2	0.23
2	21	2015	4	168	0.023809524	15.62605476	0.169618681	0.11	0.14
2	22	2015	1	168	0.005952381	16.78671837	0.527879465	0.73	0.71
2	23	2015	0	168	0	17.98586655	0.486096866	0.97	0.93
2	24	2015	0	168	0	18.36226177	-0.032532464	0.33	0.34
2	25	2015	0	168	0	21.35476494	-0.032532464	0.03	0.07
2	26	2015	0	168	0	22.17456627	-0.126780521	0.57	0.57
2	27	2015	0	168	0	22.25471592	-0.462761914	0.96	0.95
2	28	2015	0	144	0	23.77740669	-0.39392449	0.46	0.47
2	29	2015	0	168	0	24.01975727	-0.754482296	0.04	0.04
2	30	2015	0	168	0	24.84566498	-0.535483857	0.41	0.42
2	31	2015	0	168	0	25.46718407	-0.783267769	0.96	0.93
2	32	2015	0	168	0	25.65455818	0.655038953	0.6	0.59
2	33	2015	0	168	0	24.61597347	0.655038953	0.02	0.06
2	34	2015	0	168	0	25.40878391	0.989972314	0.26	0.28
2	35	2015	0	168	0	25.27133751	1.723025231	0.91	0.87
2	36	2015	0	168	0	25.33401966	1.083301174	0.74	0.72
2	37	2015	0	168	0	24.94109821	1.852143661	0.09	0.12
2	38	2015	0	144	0	23.61950445	1.285173174	0.13	0.16
2	39	2015	0	168	0	22.62544823	0.849043926	0.79	0.77
2	40	2015	0	168	0	21.54479408	0.269352105	0.86	0.83
2	41	2015	0	168	0	18.7038765	0.269352105	0.19	0.22
2	42	2015	0	168	0	18.199543	0.719103839	0.04	0.08
2	43	2015	0	168	0	NA	1.656477006	0.65	0.64
2	44	2015	0	168	0	16.73916817	0.446155907	0.96	0.91
2	45	2015	0	168	0	16.6705265	0.105426114	0.34	0.35
2	46	2015	2	168	0.011904762	15.7469039	0.431563263	0.02	0.04
2	47	2015	1	168	0.005952381	15.12234354	0.543709675	0.49	0.5
2	48	2015	0	168	0	13.78082228	0.076871228	0.96	0.95
2	49	2015	0	168	0	12.65949345	0.076871228	0.51	0.51
2	50	2015	0	144	0	12.29956293	-0.018957605	0.04	0.05
2	51	2015	0	168	0	12.21392107	-0.002795428	0.34	0.36
2	52	2015	0	168	0	11.67500019	NA	0.96	0.93
2	53	2015	0	168	0	11.7166667	0.721605876	0.69	0.67
2	1	2016	1	168	0.005952381	NA	0.721605876	0.09	0.12
2	2	2016	0	168	0	9.752426147	0.846580474	0.2	0.23
2	3	2016	1	168	0.005952381	7.856679916	1.258185681	0.91	0.87
2	4	2016	15	168	0.089285714	6.704373121	1.530865163	0.84	0.81
2	5	2016	27	168	0.160714286	6.789968014	1.139748336	0.22	0.24
2	6	2016	9	168	0.053571429	6.159644365	NA	0.09	0.14
2	7	2016	10	168	0.05952381	5.491934538	NA	0.8	0.77
2	8	2016	7	144	0.048611111	5.944600225	0.542555076	0.95	0.91
3	45	2014	0	120	0	16.00388908	0.654410238	0.96	0.94
3	46	2014	0	168	0	15.47490549	-0.075588152	0.64	0.63
3	47	2014	1	168	0.005952381	13.68029547	0.804003588	0.06	0.09
3	48	2014	0	168	0	13.22803545	0.358205415	0.26	0.28
3	49	2014	0	168	0	12.37082148	NA	0.94	0.9
3	50	2014	0	168	0	10.59625053	NA	0.79	0.77
3	51	2014	0	168	0	8.610477448	0.211979503	0.17	0.19
3	52	2014	1	168	0.005952381	8.873352528	NA	0.13	0.17
3	1	2015	1	168	0.005952381	9.026842117	0.496001195	0.84	0.53
3	2	2015	0	168	0	7.339725733	0.496001195	0.92	0.89
3	3	2015	3	168	0.017857143	7.039749146	0.182085683	0.33	0.33
3	4	2015	5	168	0.029761905	6.838991642	-0.493286998	0.04	0.09
3	5	2015	52	168	0.30952381	5.731616497	0.760620529	0.71	0.69
3	6	2015	20	168	0.119047619	5.003427267	1.349642853	0.97	0.95
3	7	2015	55	168	0.327380952	4.711424589	0.959747467	0.5	0.49
3	8	2015	24	168	0.142857143	3.404583454	0.590138321	0.05	0.06
3	9	2015	35	168	0.208333333	2.944714308	NA	0.55	0.54
3	10	2015	77	168	0.458333333	3.393655419	NA	0.98	0.96
3	11	2015	88	168	0.523809524	4.002242208	1.92659377	0.66	0.64
3	12	2015	91	168	0.541666667	4.544225931	1.853225289	0.05	0.08
3	13	2015	59	168	0.351190476	5.009060144	2.191295206	0.39	0.39
3	14	2015	26	168	0.154761905	5.349194765	2.765591359	0.95	0.92
3	15	2015	17	168	0.101190476	6.860407829	1.816075752	0.8	0.77
3	16	2015	5	168	0.029761905	8.473244667	1.786078937	0.1	0.14
3	17	2015	4	144	0.027777778	9.176920414	0.888152657	0.23	0.25
3	18	2015	9	168	0.053571429	9.441090584	-0.009773624	0.86	0.83
3	19	2015	8	168	0.047619048	12.21870375	0.326753741	0.9	0.86
3	20	2015	3	168	0.017857143	14.37393665	0.473372629	0.2	0.23
3	21	2015	0	168	0	15.43026876	-0.39527768	0.11	0.14
3	22	2015	0	168	0	16.88294601	0.158520544	0.73	0.71
3	23	2015	0	168	0	18.38075638	-0.407396971	0.97	0.93
3	24	2015	0	168	0	18.64874077	-0.224476961	0.33	0.34
3	25	2015	0	168	0	21.44074631	-0.224476961	0.03	0.07
3	26	2015	0	168	0	22.14325714	-0.349132748	0.57	0.57
3	27	2015	0	168	0	22.29229069	-0.788085514	0.96	0.95
3	28	2015	0	144	0	23.91748381	-0.492794998	0.46	0.47
3	29	2015	0	168	0	24.10367107	-0.85270811	0.04	0.04
3	30	2015	0	168	0	24.83429909	-0.618746856	0.41	0.42
3	31	2015	0	168	0	25.50848198	-0.142366866	0.96	0.93
3	32	2015	0	168	0	25.72616768	0.908175887	0.6	0.59
3	33	2015	0	168	0	24.80110455	0.908175887	0.02	0.06
3	34	2015	0	168	0	25.34809017	1.811186303	0.26	0.28
3	35	2015	0	168	0	25.22222519	1.643057795	0.91	0.87
3	36	2015	0	168	0	25.31513786	0.967660026	0.74	0.72
3	37	2015	0	168	0	25.14760494	2.063584732	0.09	0.12
3	38	2015	0	144	0	23.99108267	0.570574378	0.13	0.16
3	39	2015	1	168	0.005952381	22.8725853	0.97875665	0.79	0.77
3	40	2015	0	168	0	21.55347347	0.01206146	0.86	0.83
3	41	2015	0	168	0	18.36448574	0.01206146	0.19	0.22
3	42	2015	0	168	0	18.12349892	0.377956203	0.04	0.08
3	43	2015	0	168	0	NA	-0.051923495	0.65	0.64
3	44	2015	0	168	0	16.80027103	-0.071249521	0.96	0.91
3	45	2015	0	168	0	16.67822647	0.079311981	0.34	0.35
3	46	2015	0	168	0	15.99294758	-0.023961277	0.02	0.04
3	47	2015	0	168	0	15.57874155	-0.198991933	0.49	0.5
3	48	2015	0	168	0	14.37430763	-0.324475387	0.96	0.95
3	49	2015	0	168	0	13.32761383	-0.324475387	0.51	0.51
3	50	2015	0	144	0	13.31455398	-0.235610346	0.04	0.05
3	51	2015	1	168	0.005952381	12.96461344	-0.35571468	0.34	0.36
3	52	2015	0	168	0	12.65625048	NA	0.96	0.93
3	53	2015	0	168	0	12.50833368	-0.060836036	0.69	0.67
3	1	2016	2	168	0.011904762	NA	-0.060836036	0.09	0.12
3	2	2016	8	168	0.047619048	10.56971025	0.482893645	0.2	0.23
3	3	2016	5	168	0.029761905	8.822253704	1.232335426	0.91	0.87
3	4	2016	5	168	0.029761905	7.38602829	1.331106536	0.84	0.81
3	5	2016	2	168	0.011904762	7.362311363	0.925980033	0.22	0.24
3	6	2016	6	168	0.035714286	6.701042175	0.273775063	0.09	0.14
3	7	2016	7	168	0.041666667	6.621801615	NA	0.8	0.77
3	8	2016	8	144	0.055555556	6.82824564	NA	0.95	0.91
3	9	2016	6	168	0.035714286	6.702490807	0.46035693	0.38	0.38
3	10	2016	4	168	0.023809524	7.478685856	0.296531537	0.05	0.07
3	11	2016	3	168	0.017857143	7.797356129	0.060371866	0.66	0.64
3	12	2016	3	168	0.017857143	7.613503695	0.308837128	0.97	0.96
3	13	2016	0	168	0	8.48584795	0.187168553	0.54	0.53
3	14	2016	8	168	0.047619048	8.830052853	0.750839278	0.05	0.06
3	15	2016	2	168	0.011904762	8.703834057	0.750839278	0.51	0.5
3	16	2016	8	168	0.047619048	9.433716774	0.449905845	0.96	0.95
3	17	2016	0	168	0	10.81790876	0.021237875	0.7	0.68
3	18	2016	0	168	0	10.60117626	0.050035109	0.04	0.09
3	19	2016	1	168	0.005952381	11.77753258	0.861363467	0.35	0.36
3	20	2016	0	24	0	12.28496742	0.861363467	0.94	0.9
4	17	2015	0	72	0	9.961576939	-0.502791302	0.23	0.25
4	18	2015	5	168	0.029761905	10.03272009	-0.502791302	0.86	0.83
4	19	2015	0	168	0	12.50092602	-0.249778877	0.9	0.86
4	20	2015	0	168	0	14.45479298	-0.159381472	0.2	0.23
4	21	2015	0	168	0	15.26022625	-0.645696963	0.11	0.14
4	22	2015	0	168	0	16.89039898	0.107644697	0.73	0.71
4	23	2015	0	168	0	18.56700325	-0.461753	0.97	0.93
4	24	2015	0	168	0	18.71245289	-0.336838694	0.33	0.34
4	25	2015	0	168	0	21.17999458	-0.336838694	0.03	0.07
4	26	2015	0	168	0	21.98725224	-0.61149992	0.57	0.57
4	27	2015	0	168	0	22.32380104	-0.909238152	0.96	0.95
4	28	2015	0	144	0	23.93570995	-0.674835916	0.46	0.47
4	29	2015	0	168	0	24.41193104	-1.022490495	0.04	0.04
4	30	2015	0	168	0	25.03934765	-0.838112856	0.41	0.42
4	31	2015	0	168	0	25.65567112	-0.405608587	0.96	0.93
4	32	2015	0	168	0	25.84201431	0.914740549	0.6	0.59
4	33	2015	0	168	0	24.83831882	0.914740549	0.02	0.06
4	34	2015	0	168	0	25.51999855	1.478053958	0.26	0.28
4	35	2015	0	168	0	25.28022671	1.740250203	0.91	0.87
4	36	2015	0	168	0	25.35300446	0.91882572	0.74	0.72
4	37	2015	0	168	0	25.44350815	1.289091589	0.09	0.12
4	38	2015	0	144	0	24.24689961	0.526761095	0.13	0.16
4	39	2015	0	168	0	22.93707466	0.552065934	0.79	0.77
4	40	2015	1	168	0.005952381	20.91437721	-0.145344921	0.86	0.83
4	41	2015	0	168	0	18.26511288	-0.145344921	0.19	0.22
4	42	2015	0	168	0	18.22876167	0.367761858	0.04	0.08
4	43	2015	0	168	0	NA	-0.013574709	0.65	0.64
4	44	2015	0	168	0	17.4142952	0.248697449	0.96	0.91
4	45	2015	0	168	0	17.32673645	-0.063718602	0.34	0.35
4	46	2015	0	168	0	16.35190582	-0.245094593	0.02	0.04
4	47	2015	0	168	0	15.96620131	-0.384883399	0.49	0.5
4	48	2015	0	168	0	14.86645365	-0.559473268	0.96	0.95
4	49	2015	0	168	0	13.9157548	-0.559473268	0.51	0.51
4	50	2015	0	144	0	13.5315969	-0.508554843	0.04	0.05
4	51	2015	0	168	0	13.24936104	-0.332146079	0.34	0.36
4	52	2015	0	168	0	12.94886398	NA	0.96	0.93
4	53	2015	0	168	0	13.03750086	-0.130232257	0.69	0.67
4	1	2016	1	168	0.005952381	NA	-0.130232257	0.09	0.12
4	2	2016	2	168	0.011904762	11.08971357	0.26417608	0.2	0.23
4	3	2016	0	168	0	9.49175024	1.216632019	0.91	0.87
4	4	2016	2	168	0.011904762	8.126989841	0.820572067	0.84	0.81
4	5	2016	0	168	0	7.998468399	0.88658875	0.22	0.24
4	6	2016	1	168	0.005952381	8.346875668	0.244768821	0.09	0.14
4	7	2016	0	168	0	8.20395565	NA	0.8	0.77
4	8	2016	0	120	0	7.878200769	NA	0.95	0.91
