Date	JulianDay	Day	Month	Year	Hour_EST	Buzz_Type	site	autovar	forR	Sum_R
4/11/2014	308	4	11	2014	13	0	1	5	1	0
5/11/2014	309	5	11	2014	1	1	1	17	1	20
5/11/2014	309	5	11	2014	5	0	1	21	1	0
5/11/2014	309	5	11	2014	6	0	1	22	1	0
6/11/2014	310	6	11	2014	9	0	1	49	1	0
6/11/2014	310	6	11	2014	10	1	1	50	1	46
7/11/2014	311	7	11	2014	10	1	1	74	1	41
7/11/2014	311	7	11	2014	11	1	1	75	1	45
9/11/2014	313	9	11	2014	0	1	1	112	1	14
9/11/2014	313	9	11	2014	8	1	1	120	1	59
10/11/2014	314	10	11	2014	15	1	1	151	1	27
11/11/2014	315	11	11	2014	1	1	1	161	1	8
13/11/2014	317	13	11	2014	1	1	1	209	1	43
15/11/2014	319	15	11	2014	14	0	1	270	1	0
15/11/2014	319	15	11	2014	22	0	1	278	1	0
16/11/2014	320	16	11	2014	12	0	1	292	1	0
20/11/2014	324	20	11	2014	18	0	1	394	1	0
22/11/2014	326	22	11	2014	10	0	1	434	1	0
6/12/2014	340	6	12	2014	20	1	1	780	1	100
9/12/2014	343	9	12	2014	23	0	1	855	1	0
12/12/2014	346	12	12	2014	2	1	1	906	1	134
21/12/2014	355	21	12	2014	14	1	1	1134	1	54
22/12/2014	356	22	12	2014	11	0	1	1155	1	0
28/12/2014	362	28	12	2014	17	1	1	1305	1	124
29/12/2014	363	29	12	2014	8	0	1	1320	1	0
30/12/2014	364	30	12	2014	17	1	1	1353	1	125
30/12/2014	364	30	12	2014	20	1	1	1356	1	60
30/12/2014	364	30	12	2014	23	1	1	1359	1	40
31/12/2014	365	31	12	2014	0	0	1	1360	1	0
31/12/2014	365	31	12	2014	2	1	1	1362	1	161
2/1/2015	2	2	1	2015	1	0	1	1409	1	0
2/1/2015	2	2	1	2015	23	0	1	1431	1	0
3/1/2015	3	3	1	2015	0	0	1	1432	1	0
3/1/2015	3	3	1	2015	3	0	1	1435	1	0
3/1/2015	3	3	1	2015	17	1	1	1449	1	15
3/1/2015	3	3	1	2015	23	0	1	1455	1	0
13/01/2015	13	13	1	2015	4	0	1	1676	1	0
13/01/2015	13	13	1	2015	8	0	1	1680	1	0
13/01/2015	13	13	1	2015	18	0	1	1690	1	0
13/01/2015	13	13	1	2015	20	1	1	1692	1	129
13/01/2015	13	13	1	2015	21	1	1	1693	1	824
13/01/2015	13	13	1	2015	22	0	1	1694	1	0
14/01/2015	14	14	1	2015	9	1	1	1705	1	247
14/01/2015	14	14	1	2015	22	1	1	1718	1	6
15/01/2015	15	15	1	2015	2	0	1	1722	1	0
15/01/2015	15	15	1	2015	14	0	1	1734	1	0
15/01/2015	15	15	1	2015	22	0	1	1742	1	0
16/01/2015	16	16	1	2015	2	1	1	1746	1	69
16/01/2015	16	16	1	2015	3	1	1	1747	1	91
16/01/2015	16	16	1	2015	4	0	1	1748	1	0
16/01/2015	16	16	1	2015	14	1	1	1758	1	18
18/01/2015	18	18	1	2015	7	0	1	1799	1	0
19/01/2015	19	19	1	2015	0	0	1	1816	1	0
23/01/2015	23	23	1	2015	1	0	1	1913	1	0
23/01/2015	23	23	1	2015	4	0	1	1916	1	0
23/01/2015	23	23	1	2015	5	0	1	1917	1	0
23/01/2015	23	23	1	2015	7	1	1	1919	1	98
23/01/2015	23	23	1	2015	9	1	1	1921	1	14
23/01/2015	23	23	1	2015	11	1	1	1923	1	5
23/01/2015	23	23	1	2015	14	1	1	1926	1	66
23/01/2015	23	23	1	2015	15	0	1	1927	1	0
23/01/2015	23	23	1	2015	22	1	1	1934	1	277
24/01/2015	24	24	1	2015	7	0	1	1943	1	0
24/01/2015	24	24	1	2015	17	1	1	1953	1	110
25/01/2015	25	25	1	2015	10	1	1	1970	1	18
25/01/2015	25	25	1	2015	23	1	1	1983	1	542
26/01/2015	26	26	1	2015	0	1	1	1984	1	143
26/01/2015	26	26	1	2015	5	1	1	1989	1	326
26/01/2015	26	26	1	2015	6	0	1	1990	1	0
26/01/2015	26	26	1	2015	9	0	1	1993	1	0
26/01/2015	26	26	1	2015	11	1	1	1995	1	2
29/01/2015	29	29	1	2015	2	1	1	2058	1	178
29/01/2015	29	29	1	2015	21	1	1	2077	1	6
30/01/2015	30	30	1	2015	6	0	1	2086	1	0
30/01/2015	30	30	1	2015	22	1	1	2102	1	127
30/01/2015	30	30	1	2015	23	1	1	2103	1	112
31/01/2015	31	31	1	2015	3	1	1	2107	1	85
31/01/2015	31	31	1	2015	6	1	1	2110	1	140
31/01/2015	31	31	1	2015	16	1	1	2120	1	41
1/2/2015	32	1	2	2015	23	1	1	2151	1	34
2/2/2015	33	2	2	2015	0	1	1	2152	1	5
2/2/2015	33	2	2	2015	12	0	1	2164	1	0
2/2/2015	33	2	2	2015	18	0	1	2170	1	0
3/2/2015	34	3	2	2015	21	0	1	2197	1	0
7/2/2015	38	7	2	2015	18	0	1	2290	1	0
9/2/2015	40	9	2	2015	19	0	1	2339	1	0
11/2/2015	42	11	2	2015	0	1	1	2368	1	39
11/2/2015	42	11	2	2015	15	1	1	2383	1	29
12/2/2015	43	12	2	2015	13	1	1	2405	1	141
14/02/2015	45	14	2	2015	6	1	1	2446	1	135
14/02/2015	45	14	2	2015	7	0	1	2447	1	0
14/02/2015	45	14	2	2015	8	1	1	2448	1	123
14/02/2015	45	14	2	2015	11	1	1	2451	1	179
14/02/2015	45	14	2	2015	19	1	1	2459	1	55
15/02/2015	46	15	2	2015	17	1	1	2481	1	21
16/02/2015	47	16	2	2015	23	0	1	2511	1	0
18/02/2015	49	18	2	2015	11	0	1	2547	1	0
21/02/2015	52	21	2	2015	15	0	1	2623	1	0
28/02/2015	59	28	2	2015	12	0	1	2788	1	0
1/3/2015	60	1	3	2015	17	0	1	2817	1	0
8/3/2015	67	8	3	2015	8	0	1	2976	1	0
9/3/2015	68	9	3	2015	21	0	1	3013	1	0
10/3/2015	69	10	3	2015	7	0	1	3023	1	0
10/3/2015	69	10	3	2015	8	0	1	3024	1	0
13/03/2015	72	13	3	2015	12	0	1	3100	1	0
13/03/2015	72	13	3	2015	16	0	1	3104	1	0
13/03/2015	72	13	3	2015	17	0	1	3105	1	0
17/03/2015	76	17	3	2015	12	1	1	3196	1	13
18/03/2015	77	18	3	2015	4	1	1	3212	1	76
18/03/2015	77	18	3	2015	23	0	1	3231	1	0
19/03/2015	78	19	3	2015	5	0	1	3237	1	0
19/03/2015	78	19	3	2015	12	0	1	3244	1	0
19/03/2015	78	19	3	2015	17	0	1	3249	1	0
19/03/2015	78	19	3	2015	23	0	1	3255	1	0
20/03/2015	79	20	3	2015	0	0	1	3256	1	0
20/03/2015	79	20	3	2015	5	0	1	3261	1	0
20/03/2015	79	20	3	2015	6	0	1	3262	1	0
20/03/2015	79	20	3	2015	9	0	1	3265	1	0
20/03/2015	79	20	3	2015	10	1	1	3266	1	2
20/03/2015	79	20	3	2015	11	1	1	3267	1	46
20/03/2015	79	20	3	2015	12	0	1	3268	1	0
21/03/2015	80	21	3	2015	13	0	1	3293	1	0
21/03/2015	80	21	3	2015	15	1	1	3295	1	16
21/03/2015	80	21	3	2015	16	1	1	3296	1	133
21/03/2015	80	21	3	2015	17	0	1	3297	1	0
22/03/2015	81	22	3	2015	12	0	1	3316	1	0
22/03/2015	81	22	3	2015	14	0	1	3318	1	0
22/03/2015	81	22	3	2015	22	0	1	3326	1	0
23/03/2015	82	23	3	2015	14	0	1	3342	1	0
24/03/2015	83	24	3	2015	6	0	1	3358	1	0
24/03/2015	83	24	3	2015	7	1	1	3359	1	27
24/03/2015	83	24	3	2015	8	1	1	3360	1	152
25/03/2015	84	25	3	2015	20	0	1	3396	1	0
26/03/2015	85	26	3	2015	20	1	1	3420	1	360
26/03/2015	85	26	3	2015	21	0	1	3421	1	0
27/03/2015	86	27	3	2015	0	1	1	3424	1	51
27/03/2015	86	27	3	2015	1	1	1	3425	1	27
27/03/2015	86	27	3	2015	2	0	1	3426	1	0
27/03/2015	86	27	3	2015	10	1	1	3434	1	77
27/03/2015	86	27	3	2015	21	0	1	3445	1	0
28/03/2015	87	28	3	2015	20	1	1	3468	1	59
29/03/2015	88	29	3	2015	2	0	1	3474	1	0
29/03/2015	88	29	3	2015	11	1	1	3483	1	43
29/03/2015	88	29	3	2015	12	0	1	3484	1	0
29/03/2015	88	29	3	2015	20	1	1	3492	1	18
31/03/2015	90	31	3	2015	13	0	1	3533	1	0
31/03/2015	90	31	3	2015	14	0	1	3534	1	0
1/4/2015	91	1	4	2015	20	1	1	3564	1	11
2/4/2015	92	2	4	2015	0	0	1	3568	1	0
2/4/2015	92	2	4	2015	1	1	1	3569	1	31
2/4/2015	92	2	4	2015	7	0	1	3575	1	0
2/4/2015	92	2	4	2015	18	0	1	3586	1	0
5/4/2015	95	5	4	2015	14	0	1	3654	1	0
5/4/2015	95	5	4	2015	23	0	1	3663	1	0
6/4/2015	96	6	4	2015	6	0	1	3670	1	0
7/4/2015	97	7	4	2015	23	0	1	3711	1	0
8/4/2015	98	8	4	2015	0	1	1	3712	1	57
8/4/2015	98	8	4	2015	4	1	1	3716	1	115
9/4/2015	99	9	4	2015	2	1	1	3738	1	215
9/4/2015	99	9	4	2015	3	1	1	3739	1	325
9/4/2015	99	9	4	2015	6	0	1	3742	1	0
9/4/2015	99	9	4	2015	7	0	1	3743	1	0
9/4/2015	99	9	4	2015	8	0	1	3744	1	0
10/4/2015	100	10	4	2015	5	0	1	3765	1	0
10/4/2015	100	10	4	2015	9	0	1	3769	1	0
10/4/2015	100	10	4	2015	13	1	1	3773	1	38
10/4/2015	100	10	4	2015	14	0	1	3774	1	0
10/4/2015	100	10	4	2015	23	0	1	3783	1	0
11/4/2015	101	11	4	2015	0	1	1	3784	1	19
11/4/2015	101	11	4	2015	19	0	1	3803	1	0
14/04/2015	104	14	4	2015	4	0	1	3860	1	0
14/04/2015	104	14	4	2015	22	1	1	3878	1	78
16/04/2015	106	16	4	2015	22	0	1	3926	1	0
19/04/2015	109	19	4	2015	4	1	1	3980	1	22
20/04/2015	110	20	4	2015	23	0	1	4023	1	0
21/04/2015	111	21	4	2015	6	1	1	4030	1	26
21/04/2015	111	21	4	2015	22	1	1	4046	1	4
23/04/2015	113	23	4	2015	1	0	1	4073	1	0
23/04/2015	113	23	4	2015	3	0	1	4075	1	0
25/04/2015	115	25	4	2015	1	1	1	4121	1	100
25/04/2015	115	25	4	2015	14	1	1	4134	1	20
29/04/2015	119	29	4	2015	0	1	1	4216	1	9
2/5/2015	122	2	5	2015	12	1	1	4300	1	5
2/5/2015	122	2	5	2015	23	0	1	4311	1	0
6/5/2015	126	6	5	2015	22	0	1	4406	1	0
9/5/2015	129	9	5	2015	23	0	1	4479	1	0
10/5/2015	130	10	5	2015	21	0	1	4501	1	0
15/05/2015	135	15	5	2015	1	0	1	4601	1	0
20/05/2015	140	20	5	2015	8	0	1	4728	1	0
21/05/2015	141	21	5	2015	8	1	1	4752	1	11
25/05/2015	145	25	5	2015	4	0	1	4844	1	0
27/05/2015	147	27	5	2015	7	0	1	4895	1	0
30/05/2015	150	30	5	2015	0	1	1	4960	1	8
21/09/2015	264	21	9	2015	6	0	1	7702	1	0
23/09/2015	266	23	9	2015	1	0	1	7745	1	0
23/09/2015	266	23	9	2015	5	0	1	7749	1	0
23/09/2015	266	23	9	2015	22	0	1	7766	1	0
24/09/2015	267	24	9	2015	17	1	1	7785	1	3
25/09/2015	268	25	9	2015	5	0	1	7797	1	0
26/09/2015	269	26	9	2015	16	0	1	7832	1	0
27/09/2015	270	27	9	2015	1	0	1	7841	1	0
27/09/2015	270	27	9	2015	8	0	1	7848	1	0
29/09/2015	272	29	9	2015	21	0	1	7909	1	0
1/10/2015	274	1	10	2015	4	0	1	7940	1	0
2/10/2015	275	2	10	2015	10	0	1	7970	1	0
5/10/2015	278	5	10	2015	15	0	1	8047	1	0
11/10/2015	284	11	10	2015	23	0	1	8175	1	0
24/10/2015	297	24	10	2015	4	0	1	8492	1	0
28/10/2015	301	28	10	2015	20	0	1	8604	1	0
31/10/2015	304	31	10	2015	21	1	1	8677	1	15
1/11/2015	305	1	11	2015	0	1	1	8680	1	11
6/11/2015	310	6	11	2015	15	0	1	8815	1	0
7/11/2015	311	7	11	2015	21	0	1	8845	1	0
9/11/2015	313	9	11	2015	4	1	1	8876	1	8
11/11/2015	315	11	11	2015	6	0	1	8926	1	0
20/12/2015	354	20	12	2015	0	0	1	9856	1	0
28/12/2015	362	28	12	2015	8	0	1	10056	1	0
29/12/2015	363	29	12	2015	4	0	1	10076	1	0
31/12/2015	365	31	12	2015	19	0	1	10139	1	0
1/1/2016	1	1	1	2016	18	0	1	10162	1	0
2/1/2016	2	2	1	2016	0	0	1	10168	1	0
2/1/2016	2	2	1	2016	1	0	1	10169	1	0
4/1/2016	4	4	1	2016	8	0	1	10224	1	0
7/1/2016	7	7	1	2016	7	0	1	10295	1	0
7/1/2016	7	7	1	2016	8	0	1	10296	1	0
10/1/2016	10	10	1	2016	15	1	1	10375	1	8
11/1/2016	11	11	1	2016	20	1	1	10404	1	1
11/1/2016	11	11	1	2016	22	0	1	10406	1	0
11/1/2016	11	11	1	2016	23	0	1	10407	1	0
12/1/2016	12	12	1	2016	0	0	1	10408	1	0
12/1/2016	12	12	1	2016	2	1	1	10410	1	19
12/1/2016	12	12	1	2016	4	1	1	10412	1	34
23/01/2016	23	23	1	2016	16	1	1	10688	1	65
23/01/2016	23	23	1	2016	17	0	1	10689	1	0
26/01/2016	26	26	1	2016	16	0	1	10760	1	0
27/01/2016	27	27	1	2016	19	1	1	10787	1	169
2/2/2016	33	2	2	2016	6	1	1	10918	1	17
3/2/2016	34	3	2	2016	1	1	1	10937	1	11
3/2/2016	34	3	2	2016	10	0	1	10946	1	0
3/2/2016	34	3	2	2016	11	0	1	10947	1	0
3/2/2016	34	3	2	2016	12	0	1	10948	1	0
3/2/2016	34	3	2	2016	15	0	1	10951	1	0
3/2/2016	34	3	2	2016	16	0	1	10952	1	0
4/2/2016	35	4	2	2016	0	0	1	10960	1	0
4/2/2016	35	4	2	2016	1	1	1	10961	1	264
4/2/2016	35	4	2	2016	2	0	1	10962	1	0
4/2/2016	35	4	2	2016	3	1	1	10963	1	290
4/2/2016	35	4	2	2016	4	0	1	10964	1	0
4/2/2016	35	4	2	2016	12	0	1	10972	1	0
7/2/2016	38	7	2	2016	6	0	1	11038	1	0
7/2/2016	38	7	2	2016	7	0	1	11039	1	0
7/2/2016	38	7	2	2016	8	0	1	11040	1	0
7/2/2016	38	7	2	2016	9	1	1	11041	1	1
7/2/2016	38	7	2	2016	14	0	1	11046	1	0
7/2/2016	38	7	2	2016	15	0	1	11047	1	0
7/2/2016	38	7	2	2016	16	0	1	11048	1	0
8/2/2016	39	8	2	2016	8	0	1	11064	1	0
9/2/2016	40	9	2	2016	22	1	1	11102	1	18
11/2/2016	42	11	2	2016	0	0	1	11128	1	0
11/2/2016	42	11	2	2016	8	0	1	11136	1	0
11/2/2016	42	11	2	2016	18	0	1	11146	1	0
12/2/2016	43	12	2	2016	2	0	1	11154	1	0
12/2/2016	43	12	2	2016	11	0	1	11163	1	0
13/02/2016	44	13	2	2016	9	1	1	11185	1	32
14/02/2016	45	14	2	2016	9	0	1	11209	1	0
14/02/2016	45	14	2	2016	14	0	1	11214	1	0
14/02/2016	45	14	2	2016	20	1	1	11220	1	46
14/02/2016	45	14	2	2016	21	0	1	11221	1	0
14/02/2016	45	14	2	2016	23	1	1	11223	1	155
16/02/2016	47	16	2	2016	8	1	1	11256	1	32
17/02/2016	48	17	2	2016	7	1	1	11279	1	5
19/02/2016	50	19	2	2016	7	0	1	11327	1	0
20/02/2016	51	20	2	2016	0	0	1	11344	1	0
23/02/2016	54	23	2	2016	6	0	1	11422	1	0
23/02/2016	54	23	2	2016	18	0	1	11434	1	0
23/02/2016	54	23	2	2016	21	1	1	11437	1	53
24/02/2016	55	24	2	2016	3	0	1	11443	1	0
24/02/2016	55	24	2	2016	6	0	1	11446	1	0
24/02/2016	55	24	2	2016	13	0	1	11453	1	0
24/02/2016	55	24	2	2016	14	0	1	11454	1	0
24/02/2016	55	24	2	2016	15	0	1	11455	1	0
24/02/2016	55	24	2	2016	16	0	1	11456	1	0
24/02/2016	55	24	2	2016	17	0	1	11457	1	0
24/02/2016	55	24	2	2016	19	1	1	11459	1	4
24/02/2016	55	24	2	2016	23	0	1	11463	1	0
25/02/2016	56	25	2	2016	7	1	1	11471	1	8
25/02/2016	56	25	2	2016	21	0	1	11485	1	0
26/02/2016	57	26	2	2016	2	1	1	11490	1	32
26/02/2016	57	26	2	2016	12	0	1	11500	1	0
27/02/2016	58	27	2	2016	2	0	1	11514	1	0
27/02/2016	58	27	2	2016	5	0	1	11517	1	0
27/02/2016	58	27	2	2016	6	0	1	11518	1	0
27/02/2016	58	27	2	2016	7	0	1	11519	1	0
28/02/2016	59	28	2	2016	22	0	1	11558	1	0
29/02/2016	60	29	2	2016	4	0	1	11564	1	0
29/02/2016	60	29	2	2016	5	0	1	11565	1	0
29/02/2016	60	29	2	2016	9	0	1	11569	1	0
29/02/2016	60	29	2	2016	17	0	1	11577	1	0
29/02/2016	60	29	2	2016	18	0	1	11578	1	0
29/02/2016	60	29	2	2016	20	1	1	11580	1	18
1/3/2016	61	1	3	2016	14	1	1	11598	1	1
1/3/2016	61	1	3	2016	19	1	1	11603	1	454
2/3/2016	62	2	3	2016	5	1	1	11613	1	32
2/3/2016	62	2	3	2016	13	0	1	11621	1	0
2/3/2016	62	2	3	2016	14	1	1	11622	1	86
2/3/2016	62	2	3	2016	16	0	1	11624	1	0
2/3/2016	62	2	3	2016	23	0	1	11631	1	0
3/3/2016	63	3	3	2016	2	0	1	11634	1	0
3/3/2016	63	3	3	2016	6	1	1	11638	1	31
3/3/2016	63	3	3	2016	7	0	1	11639	1	0
3/3/2016	63	3	3	2016	19	0	1	11651	1	0
3/3/2016	63	3	3	2016	20	0	1	11652	1	0
4/3/2016	64	4	3	2016	10	1	1	11666	1	9
5/3/2016	65	5	3	2016	1	0	1	11681	1	0
6/3/2016	66	6	3	2016	6	0	1	11710	1	0
7/3/2016	67	7	3	2016	14	0	1	11742	1	0
7/3/2016	67	7	3	2016	15	1	1	11743	1	11
7/3/2016	67	7	3	2016	19	0	1	11747	1	0
7/3/2016	67	7	3	2016	21	0	1	11749	1	0
8/3/2016	68	8	3	2016	15	0	1	11767	1	0
9/3/2016	69	9	3	2016	20	0	1	11796	1	0
10/3/2016	70	10	3	2016	4	1	1	11804	1	33
10/3/2016	70	10	3	2016	5	0	1	11805	1	0
10/3/2016	70	10	3	2016	19	1	1	11819	1	314
10/3/2016	70	10	3	2016	22	1	1	11822	1	6
11/3/2016	71	11	3	2016	2	1	1	11826	1	56
11/3/2016	71	11	3	2016	3	0	1	11827	1	0
12/3/2016	72	12	3	2016	13	0	1	11861	1	0
12/3/2016	72	12	3	2016	14	0	1	11862	1	0
12/3/2016	72	12	3	2016	15	0	1	11863	1	0
12/3/2016	72	12	3	2016	18	0	1	11866	1	0
12/3/2016	72	12	3	2016	20	1	1	11868	1	104
12/3/2016	72	12	3	2016	21	1	1	11869	1	12
13/03/2016	73	13	3	2016	8	0	1	11880	1	0
13/03/2016	73	13	3	2016	9	0	1	11881	1	0
13/03/2016	73	13	3	2016	21	0	1	11893	1	0
13/03/2016	73	13	3	2016	22	1	1	11894	1	58
14/03/2016	74	14	3	2016	0	1	1	11896	1	24
14/03/2016	74	14	3	2016	1	0	1	11897	1	0
14/03/2016	74	14	3	2016	4	0	1	11900	1	0
14/03/2016	74	14	3	2016	5	0	1	11901	1	0
14/03/2016	74	14	3	2016	6	0	1	11902	1	0
14/03/2016	74	14	3	2016	22	0	1	11918	1	0
15/03/2016	75	15	3	2016	3	1	1	11923	1	16
15/03/2016	75	15	3	2016	5	1	1	11925	1	226
15/03/2016	75	15	3	2016	11	0	1	11931	1	0
16/03/2016	76	16	3	2016	0	0	1	11944	1	0
17/03/2016	77	17	3	2016	4	1	1	11972	1	37
18/03/2016	78	18	3	2016	6	0	1	11998	1	0
18/03/2016	78	18	3	2016	10	0	1	12002	1	0
18/03/2016	78	18	3	2016	21	1	1	12013	1	36
18/03/2016	78	18	3	2016	23	1	1	12015	1	38
19/03/2016	79	19	3	2016	0	0	1	12016	1	0
19/03/2016	79	19	3	2016	15	1	1	12031	1	80
19/03/2016	79	19	3	2016	22	1	1	12038	1	28
19/03/2016	79	19	3	2016	23	1	1	12039	1	25
20/03/2016	80	20	3	2016	2	1	1	12042	1	5
20/03/2016	80	20	3	2016	3	0	1	12043	1	0
20/03/2016	80	20	3	2016	6	0	1	12046	1	0
20/03/2016	80	20	3	2016	7	0	1	12047	1	0
20/03/2016	80	20	3	2016	10	0	1	12050	1	0
20/03/2016	80	20	3	2016	17	0	1	12057	1	0
20/03/2016	80	20	3	2016	21	0	1	12061	1	0
20/03/2016	80	20	3	2016	23	1	1	12063	1	3
21/03/2016	81	21	3	2016	0	0	1	12064	1	0
21/03/2016	81	21	3	2016	13	1	1	12077	1	17
21/03/2016	81	21	3	2016	18	0	1	12082	1	0
23/03/2016	83	23	3	2016	1	1	1	12113	1	130
23/03/2016	83	23	3	2016	15	0	1	12127	1	0
24/03/2016	84	24	3	2016	4	0	1	12140	1	0
24/03/2016	84	24	3	2016	5	0	1	12141	1	0
24/03/2016	84	24	3	2016	6	0	1	12142	1	0
24/03/2016	84	24	3	2016	7	1	1	12143	1	38
24/03/2016	84	24	3	2016	9	0	1	12145	1	0
24/03/2016	84	24	3	2016	10	1	1	12146	1	15
24/03/2016	84	24	3	2016	12	0	1	12148	1	0
25/03/2016	85	25	3	2016	2	0	1	12162	1	0
25/03/2016	85	25	3	2016	3	0	1	12163	1	0
26/03/2016	86	26	3	2016	4	1	1	12188	1	247
26/03/2016	86	26	3	2016	5	1	1	12189	1	51
26/03/2016	86	26	3	2016	20	1	1	12204	1	6
28/03/2016	88	28	3	2016	22	0	1	12254	1	0
28/03/2016	88	28	3	2016	23	1	1	12255	1	7
29/03/2016	89	29	3	2016	4	0	1	12260	1	0
30/03/2016	90	30	3	2016	22	1	1	12302	1	58
31/03/2016	91	31	3	2016	15	0	1	12319	1	0
4/4/2016	95	4	4	2016	2	0	1	12402	1	0
4/4/2016	95	4	4	2016	23	0	1	12423	1	0
5/4/2016	96	5	4	2016	5	0	1	12429	1	0
5/4/2016	96	5	4	2016	8	0	1	12432	1	0
5/4/2016	96	5	4	2016	12	1	1	12436	1	105
5/4/2016	96	5	4	2016	20	1	1	12444	1	17
6/4/2016	97	6	4	2016	10	1	1	12458	1	19
6/4/2016	97	6	4	2016	15	0	1	12463	1	0
7/4/2016	98	7	4	2016	6	0	1	12478	1	0
7/4/2016	98	7	4	2016	21	0	1	12493	1	0
8/4/2016	99	8	4	2016	10	0	1	12506	1	0
8/4/2016	99	8	4	2016	11	0	1	12507	1	0
9/4/2016	100	9	4	2016	17	1	1	12537	1	16
9/4/2016	100	9	4	2016	21	0	1	12541	1	0
10/4/2016	101	10	4	2016	18	0	1	12562	1	0
11/4/2016	102	11	4	2016	7	0	1	12575	1	0
11/4/2016	102	11	4	2016	8	0	1	12576	1	0
11/4/2016	102	11	4	2016	9	0	1	12577	1	0
12/4/2016	103	12	4	2016	2	0	1	12594	1	0
12/4/2016	103	12	4	2016	3	1	1	12595	1	4
13/04/2016	104	13	4	2016	6	0	1	12622	1	0
13/04/2016	104	13	4	2016	13	1	1	12629	1	6
14/04/2016	105	14	4	2016	7	0	1	12647	1	0
15/04/2016	106	15	4	2016	1	0	1	12665	1	0
15/04/2016	106	15	4	2016	3	0	1	12667	1	0
15/04/2016	106	15	4	2016	4	0	1	12668	1	0
17/04/2016	108	17	4	2016	9	0	1	12721	1	0
17/04/2016	108	17	4	2016	22	1	1	12734	1	1
21/04/2016	112	21	4	2016	2	1	1	12810	1	12
25/04/2016	116	25	4	2016	21	0	1	12925	1	0
26/04/2016	117	26	4	2016	11	1	1	12939	1	35
26/04/2016	117	26	4	2016	15	0	1	12943	1	0
26/04/2016	117	26	4	2016	17	0	1	12945	1	0
27/04/2016	118	27	4	2016	8	1	1	12960	1	15
27/04/2016	118	27	4	2016	9	0	1	12961	1	0
27/04/2016	118	27	4	2016	17	1	1	12969	1	6
28/04/2016	119	28	4	2016	0	0	1	12976	1	0
28/04/2016	119	28	4	2016	5	0	1	12981	1	0
29/04/2016	120	29	4	2016	7	1	1	13007	1	10
29/04/2016	120	29	4	2016	13	0	1	13013	1	0
30/04/2016	121	30	4	2016	3	1	1	13027	1	17
2/5/2016	123	2	5	2016	17	0	1	13089	1	0
4/5/2016	125	4	5	2016	3	1	1	13123	1	24
4/5/2016	125	4	5	2016	11	1	1	13131	1	20
4/5/2016	125	4	5	2016	12	0	1	13132	1	0
4/5/2016	125	4	5	2016	20	1	1	13140	1	34
5/5/2016	126	5	5	2016	0	0	1	13144	1	0
5/5/2016	126	5	5	2016	1	0	1	13145	1	0
5/5/2016	126	5	5	2016	2	0	1	13146	1	0
5/5/2016	126	5	5	2016	14	0	1	13158	1	0
6/5/2016	127	6	5	2016	6	0	1	13174	1	0
6/5/2016	127	6	5	2016	10	0	1	13178	1	0
6/5/2016	127	6	5	2016	14	0	1	13182	1	0
7/5/2016	128	7	5	2016	20	0	1	13212	1	0
7/5/2016	128	7	5	2016	22	0	1	13214	1	0
8/5/2016	129	8	5	2016	9	1	1	13225	1	5
8/5/2016	129	8	5	2016	16	0	1	13232	1	0
12/5/2016	133	12	5	2016	21	0	1	13333	1	0
13/05/2016	134	13	5	2016	21	0	1	13357	1	0
18/05/2016	139	18	5	2016	2	1	1	13458	1	5
18/05/2016	139	18	5	2016	3	0	1	13459	1	0
14/11/14	318	14	11	2014	4	1	2	236	1	47
24/12/14	358	24	12	2014	1	0	2	1193	1	0
25/12/14	359	25	12	2014	0	1	2	1216	1	680
26/12/14	360	26	12	2014	2	0	2	1242	1	0
28/12/14	362	28	12	2014	9	1	2	1297	1	59
30/12/14	364	30	12	2014	15	1	2	1351	1	24
1/1/2015	1	1	1	2015	16	0	2	1400	1	0
6/1/2015	6	6	1	2015	13	1	2	1517	1	22
13/01/15	13	13	1	2015	15	0	2	1687	1	0
15/01/15	15	15	1	2015	17	1	2	1737	1	33
21/01/15	21	21	1	2015	0	0	2	1864	1	0
21/01/15	21	21	1	2015	22	0	2	1886	1	0
21/01/15	21	21	1	2015	23	1	2	1887	1	6
23/01/15	23	23	1	2015	7	0	2	1919	1	0
23/01/15	23	23	1	2015	16	0	2	1928	1	0
23/01/15	23	23	1	2015	19	0	2	1931	1	0
24/01/15	24	24	1	2015	13	0	2	1949	1	0
24/01/15	24	24	1	2015	19	1	2	1955	1	23
24/01/15	24	24	1	2015	20	1	2	1956	1	19
24/01/15	24	24	1	2015	22	1	2	1958	1	131
25/01/15	25	25	1	2015	2	0	2	1962	1	0
25/01/15	25	25	1	2015	6	1	2	1966	1	207
25/01/15	25	25	1	2015	8	0	2	1968	1	0
25/01/15	25	25	1	2015	19	0	2	1979	1	0
25/01/15	25	25	1	2015	22	1	2	1982	1	19
26/01/15	26	26	1	2015	16	0	2	2000	1	0
26/01/15	26	26	1	2015	17	1	2	2001	1	119
28/01/15	28	28	1	2015	7	0	2	2039	1	0
28/01/15	28	28	1	2015	18	0	2	2050	1	0
29/01/15	29	29	1	2015	0	1	2	2056	1	47
29/01/15	29	29	1	2015	1	1	2	2057	1	35
29/01/15	29	29	1	2015	4	1	2	2060	1	112
29/01/15	29	29	1	2015	7	0	2	2063	1	0
29/01/15	29	29	1	2015	8	0	2	2064	1	0
29/01/15	29	29	1	2015	9	0	2	2065	1	0
29/01/15	29	29	1	2015	10	1	2	2066	1	4
29/01/15	29	29	1	2015	11	0	2	2067	1	0
29/01/15	29	29	1	2015	14	1	2	2070	1	32
29/01/15	29	29	1	2015	15	0	2	2071	1	0
29/01/15	29	29	1	2015	23	1	2	2079	1	4
30/01/15	30	30	1	2015	6	1	2	2086	1	63
30/01/15	30	30	1	2015	16	1	2	2096	1	57
30/01/15	30	30	1	2015	17	1	2	2097	1	19
30/01/15	30	30	1	2015	21	1	2	2101	1	80
30/01/15	30	30	1	2015	23	1	2	2103	1	26
31/01/15	31	31	1	2015	0	1	2	2104	1	11
31/01/15	31	31	1	2015	4	0	2	2108	1	0
31/01/15	31	31	1	2015	7	1	2	2111	1	19
31/01/15	31	31	1	2015	16	0	2	2120	1	0
31/01/15	31	31	1	2015	17	0	2	2121	1	0
31/01/15	31	31	1	2015	18	0	2	2122	1	0
31/01/15	31	31	1	2015	19	1	2	2123	1	22
1/2/2015	32	1	2	2015	0	0	2	2128	1	0
1/2/2015	32	1	2	2015	5	0	2	2133	1	0
2/2/2015	33	2	2	2015	0	1	2	2152	1	5
2/2/2015	33	2	2	2015	1	0	2	2153	1	0
2/2/2015	33	2	2	2015	2	1	2	2154	1	64
2/2/2015	33	2	2	2015	3	0	2	2155	1	0
2/2/2015	33	2	2	2015	21	1	2	2173	1	58
2/2/2015	33	2	2	2015	22	1	2	2174	1	21
3/2/2015	34	3	2	2015	0	1	2	2176	1	5
3/2/2015	34	3	2	2015	3	0	2	2179	1	0
3/2/2015	34	3	2	2015	5	0	2	2181	1	0
3/2/2015	34	3	2	2015	7	0	2	2183	1	0
3/2/2015	34	3	2	2015	13	0	2	2189	1	0
3/2/2015	34	3	2	2015	14	0	2	2190	1	0
3/2/2015	34	3	2	2015	18	1	2	2194	1	6
3/2/2015	34	3	2	2015	22	0	2	2198	1	0
3/2/2015	34	3	2	2015	23	0	2	2199	1	0
4/2/2015	35	4	2	2015	8	0	2	2208	1	0
4/2/2015	35	4	2	2015	21	0	2	2221	1	0
5/2/2015	36	5	2	2015	14	0	2	2238	1	0
5/2/2015	36	5	2	2015	22	1	2	2246	1	28
6/2/2015	37	6	2	2015	18	1	2	2266	1	12
6/2/2015	37	6	2	2015	20	1	2	2268	1	126
7/2/2015	38	7	2	2015	4	0	2	2276	1	0
7/2/2015	38	7	2	2015	11	0	2	2283	1	0
7/2/2015	38	7	2	2015	13	0	2	2285	1	0
7/2/2015	38	7	2	2015	15	0	2	2287	1	0
7/2/2015	38	7	2	2015	16	0	2	2288	1	0
7/2/2015	38	7	2	2015	18	1	2	2290	1	13
7/2/2015	38	7	2	2015	20	1	2	2292	1	3
8/2/2015	39	8	2	2015	2	1	2	2298	1	19
8/2/2015	39	8	2	2015	3	0	2	2299	1	0
8/2/2015	39	8	2	2015	9	0	2	2305	1	0
8/2/2015	39	8	2	2015	10	0	2	2306	1	0
8/2/2015	39	8	2	2015	14	0	2	2310	1	0
8/2/2015	39	8	2	2015	15	0	2	2311	1	0
8/2/2015	39	8	2	2015	16	0	2	2312	1	0
8/2/2015	39	8	2	2015	18	1	2	2314	1	23
8/2/2015	39	8	2	2015	19	0	2	2315	1	0
9/2/2015	40	9	2	2015	3	1	2	2323	1	35
9/2/2015	40	9	2	2015	4	1	2	2324	1	63
9/2/2015	40	9	2	2015	5	1	2	2325	1	91
9/2/2015	40	9	2	2015	7	0	2	2327	1	0
9/2/2015	40	9	2	2015	8	0	2	2328	1	0
9/2/2015	40	9	2	2015	9	0	2	2329	1	0
9/2/2015	40	9	2	2015	11	0	2	2331	1	0
9/2/2015	40	9	2	2015	14	0	2	2334	1	0
9/2/2015	40	9	2	2015	18	0	2	2338	1	0
9/2/2015	40	9	2	2015	19	0	2	2339	1	0
9/2/2015	40	9	2	2015	20	1	2	2340	1	44
9/2/2015	40	9	2	2015	22	1	2	2342	1	59
10/2/2015	41	10	2	2015	6	1	2	2350	1	69
10/2/2015	41	10	2	2015	19	0	2	2363	1	0
13/02/15	44	13	2	2015	4	0	2	2420	1	0
15/02/15	46	15	2	2015	1	1	2	2465	1	29
15/02/15	46	15	2	2015	2	0	2	2466	1	0
15/02/15	46	15	2	2015	8	0	2	2472	1	0
15/02/15	46	15	2	2015	17	1	2	2481	1	4
16/02/15	47	16	2	2015	21	1	2	2509	1	19
17/02/15	48	17	2	2015	19	1	2	2531	1	15
18/02/15	49	18	2	2015	0	0	2	2536	1	0
18/02/15	49	18	2	2015	9	1	2	2545	1	10
18/02/15	49	18	2	2015	11	0	2	2547	1	0
18/02/15	49	18	2	2015	23	1	2	2559	1	49
19/02/15	50	19	2	2015	3	1	2	2563	1	47
19/02/15	50	19	2	2015	5	1	2	2565	1	23
21/02/15	52	21	2	2015	0	0	2	2608	1	0
21/02/15	52	21	2	2015	2	0	2	2610	1	0
21/02/15	52	21	2	2015	18	0	2	2626	1	0
22/02/15	53	22	2	2015	5	1	2	2637	1	44
22/02/15	53	22	2	2015	6	0	2	2638	1	0
22/02/15	53	22	2	2015	19	0	2	2651	1	0
23/02/15	54	23	2	2015	1	1	2	2657	1	229
23/02/15	54	23	2	2015	2	1	2	2658	1	10
23/02/15	54	23	2	2015	9	0	2	2665	1	0
24/02/15	55	24	2	2015	5	0	2	2685	1	0
24/02/15	55	24	2	2015	7	1	2	2687	1	13
24/02/15	55	24	2	2015	9	0	2	2689	1	0
24/02/15	55	24	2	2015	10	0	2	2690	1	0
24/02/15	55	24	2	2015	12	0	2	2692	1	0
24/02/15	55	24	2	2015	22	0	2	2702	1	0
25/02/15	56	25	2	2015	11	0	2	2715	1	0
25/02/15	56	25	2	2015	18	0	2	2722	1	0
25/02/15	56	25	2	2015	19	0	2	2723	1	0
27/02/15	58	27	2	2015	6	0	2	2758	1	0
27/02/15	58	27	2	2015	18	0	2	2770	1	0
27/02/15	58	27	2	2015	20	0	2	2772	1	0
28/02/15	59	28	2	2015	5	1	2	2781	1	29
28/02/15	59	28	2	2015	16	1	2	2792	1	13
28/02/15	59	28	2	2015	17	0	2	2793	1	0
28/02/15	59	28	2	2015	22	0	2	2798	1	0
1/3/2015	60	1	3	2015	1	0	2	2801	1	0
1/3/2015	60	1	3	2015	5	1	2	2805	1	26
2/3/2015	61	2	3	2015	8	0	2	2832	1	0
2/3/2015	61	2	3	2015	15	0	2	2839	1	0
2/3/2015	61	2	3	2015	17	0	2	2841	1	0
3/3/2015	62	3	3	2015	0	1	2	2848	1	4
3/3/2015	62	3	3	2015	1	0	2	2849	1	0
3/3/2015	62	3	3	2015	15	0	2	2863	1	0
3/3/2015	62	3	3	2015	19	1	2	2867	1	14
3/3/2015	62	3	3	2015	20	1	2	2868	1	13
4/3/2015	63	4	3	2015	15	0	2	2887	1	0
4/3/2015	63	4	3	2015	19	0	2	2891	1	0
4/3/2015	63	4	3	2015	20	1	2	2892	1	66
6/3/2015	65	6	3	2015	11	0	2	2931	1	0
6/3/2015	65	6	3	2015	20	0	2	2940	1	0
6/3/2015	65	6	3	2015	22	0	2	2942	1	0
7/3/2015	66	7	3	2015	4	1	2	2948	1	46
8/3/2015	67	8	3	2015	0	0	2	2968	1	0
8/3/2015	67	8	3	2015	4	0	2	2972	1	0
8/3/2015	67	8	3	2015	5	0	2	2973	1	0
8/3/2015	67	8	3	2015	6	0	2	2974	1	0
8/3/2015	67	8	3	2015	8	0	2	2976	1	0
8/3/2015	67	8	3	2015	14	0	2	2982	1	0
8/3/2015	67	8	3	2015	18	0	2	2986	1	0
8/3/2015	67	8	3	2015	19	0	2	2987	1	0
8/3/2015	67	8	3	2015	20	1	2	2988	1	30
8/3/2015	67	8	3	2015	21	0	2	2989	1	0
9/3/2015	68	9	3	2015	7	0	2	2999	1	0
9/3/2015	68	9	3	2015	20	1	2	3012	1	19
10/3/2015	69	10	3	2015	16	0	2	3032	1	0
12/3/2015	71	12	3	2015	1	0	2	3065	1	0
12/3/2015	71	12	3	2015	21	1	2	3085	1	69
13/03/15	72	13	3	2015	21	1	2	3109	1	12
13/03/15	72	13	3	2015	23	0	2	3111	1	0
15/03/15	74	15	3	2015	21	1	2	3157	1	19
17/03/15	76	17	3	2015	0	0	2	3184	1	0
17/03/15	76	17	3	2015	1	0	2	3185	1	0
17/03/15	76	17	3	2015	2	0	2	3186	1	0
17/03/15	76	17	3	2015	7	0	2	3191	1	0
17/03/15	76	17	3	2015	16	0	2	3200	1	0
17/03/15	76	17	3	2015	17	0	2	3201	1	0
18/03/15	77	18	3	2015	3	0	2	3211	1	0
19/03/15	78	19	3	2015	0	0	2	3232	1	0
19/03/15	78	19	3	2015	1	1	2	3233	1	8
19/03/15	78	19	3	2015	2	0	2	3234	1	0
20/03/15	79	20	3	2015	18	1	2	3274	1	20
21/03/15	80	21	3	2015	1	1	2	3281	1	27
22/03/15	81	22	3	2015	2	0	2	3306	1	0
22/03/15	81	22	3	2015	17	0	2	3321	1	0
22/03/15	81	22	3	2015	18	0	2	3322	1	0
23/03/15	82	23	3	2015	10	1	2	3338	1	7
23/03/15	82	23	3	2015	22	1	2	3350	1	53
24/03/15	83	24	3	2015	8	0	2	3360	1	0
25/03/15	84	25	3	2015	1	1	2	3377	1	6
25/03/15	84	25	3	2015	7	0	2	3383	1	0
25/03/15	84	25	3	2015	10	0	2	3386	1	0
25/03/15	84	25	3	2015	19	1	2	3395	1	35
25/03/15	84	25	3	2015	21	0	2	3397	1	0
26/03/15	85	26	3	2015	20	1	2	3420	1	62
27/03/15	86	27	3	2015	0	1	2	3424	1	14
28/03/15	87	28	3	2015	1	0	2	3449	1	0
28/03/15	87	28	3	2015	4	1	2	3452	1	4
28/03/15	87	28	3	2015	15	0	2	3463	1	0
29/03/15	88	29	3	2015	2	0	2	3474	1	0
29/03/15	88	29	3	2015	4	0	2	3476	1	0
29/03/15	88	29	3	2015	14	0	2	3486	1	0
29/03/15	88	29	3	2015	21	0	2	3493	1	0
30/03/15	89	30	3	2015	3	1	2	3499	1	17
30/03/15	89	30	3	2015	19	0	2	3515	1	0
31/03/15	90	31	3	2015	12	1	2	3532	1	24
31/03/15	90	31	3	2015	16	1	2	3536	1	17
1/4/2015	91	1	4	2015	0	1	2	3544	1	5
1/4/2015	91	1	4	2015	5	1	2	3549	1	75
1/4/2015	91	1	4	2015	6	0	2	3550	1	0
1/4/2015	91	1	4	2015	17	0	2	3561	1	0
2/4/2015	92	2	4	2015	2	0	2	3570	1	0
2/4/2015	92	2	4	2015	3	0	2	3571	1	0
3/4/2015	93	3	4	2015	17	1	2	3609	1	217
4/4/2015	94	4	4	2015	3	1	2	3619	1	50
4/4/2015	94	4	4	2015	7	1	2	3623	1	6
4/4/2015	94	4	4	2015	17	0	2	3633	1	0
5/4/2015	95	5	4	2015	1	0	2	3641	1	0
5/4/2015	95	5	4	2015	7	0	2	3647	1	0
5/4/2015	95	5	4	2015	20	0	2	3660	1	0
6/4/2015	96	6	4	2015	1	1	2	3665	1	26
6/4/2015	96	6	4	2015	2	0	2	3666	1	0
7/4/2015	97	7	4	2015	21	0	2	3709	1	0
7/4/2015	97	7	4	2015	22	0	2	3710	1	0
8/4/2015	98	8	4	2015	1	0	2	3713	1	0
8/4/2015	98	8	4	2015	11	0	2	3723	1	0
9/4/2015	99	9	4	2015	9	0	2	3745	1	0
9/4/2015	99	9	4	2015	10	0	2	3746	1	0
9/4/2015	99	9	4	2015	11	0	2	3747	1	0
9/4/2015	99	9	4	2015	17	0	2	3753	1	0
9/4/2015	99	9	4	2015	20	1	2	3756	1	37
10/4/2015	100	10	4	2015	8	1	2	3768	1	5
10/4/2015	100	10	4	2015	12	0	2	3772	1	0
10/4/2015	100	10	4	2015	13	0	2	3773	1	0
10/4/2015	100	10	4	2015	15	0	2	3775	1	0
10/4/2015	100	10	4	2015	18	1	2	3778	1	5
10/4/2015	100	10	4	2015	22	0	2	3782	1	0
11/4/2015	101	11	4	2015	22	0	2	3806	1	0
12/4/2015	102	12	4	2015	1	0	2	3809	1	0
12/4/2015	102	12	4	2015	2	0	2	3810	1	0
12/4/2015	102	12	4	2015	3	1	2	3811	1	93
12/4/2015	102	12	4	2015	20	0	2	3828	1	0
12/4/2015	102	12	4	2015	21	0	2	3829	1	0
13/04/15	103	13	4	2015	3	0	2	3835	1	0
13/04/15	103	13	4	2015	20	1	2	3852	1	63
13/04/15	103	13	4	2015	21	1	2	3853	1	2
13/04/15	103	13	4	2015	23	0	2	3855	1	0
14/04/15	104	14	4	2015	2	0	2	3858	1	0
14/04/15	104	14	4	2015	14	0	2	3870	1	0
14/04/15	104	14	4	2015	23	0	2	3879	1	0
15/04/15	105	15	4	2015	2	0	2	3882	1	0
16/04/15	106	16	4	2015	10	0	2	3914	1	0
16/04/15	106	16	4	2015	13	0	2	3917	1	0
16/04/15	106	16	4	2015	14	1	2	3918	1	4
16/04/15	106	16	4	2015	17	0	2	3921	1	0
17/04/15	107	17	4	2015	1	0	2	3929	1	0
17/04/15	107	17	4	2015	14	1	2	3942	1	14
19/04/15	109	19	4	2015	19	1	2	3995	1	7
22/04/15	112	22	4	2015	4	0	2	4052	1	0
23/04/15	113	23	4	2015	4	1	2	4076	1	92
23/04/15	113	23	4	2015	23	1	2	4095	1	4
25/04/15	115	25	4	2015	20	1	2	4140	1	7
25/04/15	115	25	4	2015	21	0	2	4141	1	0
30/04/15	120	30	4	2015	20	0	2	4260	1	0
1/5/2015	121	1	5	2015	3	0	2	4267	1	0
1/5/2015	121	1	5	2015	11	0	2	4275	1	0
1/5/2015	121	1	5	2015	15	0	2	4279	1	0
1/5/2015	121	1	5	2015	22	0	2	4286	1	0
2/5/2015	122	2	5	2015	22	1	2	4310	1	49
3/5/2015	123	3	5	2015	13	1	2	4325	1	236
5/5/2015	125	5	5	2015	20	0	2	4380	1	0
9/5/2015	129	9	5	2015	19	1	2	4475	1	209
10/5/2015	130	10	5	2015	2	1	2	4482	1	363
12/5/2015	132	12	5	2015	1	1	2	4529	1	163
12/5/2015	132	12	5	2015	3	0	2	4531	1	0
20/05/15	140	20	5	2015	3	0	2	4723	1	0
22/05/15	142	22	5	2015	13	1	2	4781	1	16
22/05/15	142	22	5	2015	14	1	2	4782	1	74
24/05/15	144	24	5	2015	20	1	2	4836	1	95
25/05/15	145	25	5	2015	5	0	2	4845	1	0
11/11/2015	315	11	11	2015	3	1	2	8923	1	25
14/11/15	318	14	11	2015	2	0	2	8994	1	0
21/11/15	325	21	11	2015	20	0	2	9180	1	0
4/1/2016	4	4	1	2016	20	0	2	10236	1	0
19/01/16	19	19	1	2016	2	0	2	10578	1	0
25/01/16	25	25	1	2016	2	1	2	10722	1	30
25/01/16	25	25	1	2016	6	1	2	10726	1	94
25/01/16	25	25	1	2016	7	1	2	10727	1	33
25/01/16	25	25	1	2016	21	1	2	10741	1	73
26/01/16	26	26	1	2016	2	1	2	10746	1	272
26/01/16	26	26	1	2016	3	0	2	10747	1	0
26/01/16	26	26	1	2016	16	1	2	10760	1	4
26/01/16	26	26	1	2016	18	1	2	10762	1	53
26/01/16	26	26	1	2016	20	1	2	10764	1	25
30/01/16	30	30	1	2016	1	0	2	10841	1	0
30/01/16	30	30	1	2016	3	0	2	10843	1	0
30/01/16	30	30	1	2016	9	0	2	10849	1	0
30/01/16	30	30	1	2016	23	1	2	10863	1	762
31/01/16	31	31	1	2016	2	0	2	10866	1	0
31/01/16	31	31	1	2016	8	0	2	10872	1	0
1/2/2016	32	1	2	2016	10	0	2	10898	1	0
1/2/2016	32	1	2	2016	11	0	2	10899	1	0
2/2/2016	33	2	2	2016	1	1	2	10913	1	181
2/2/2016	33	2	2	2016	4	0	2	10916	1	0
2/2/2016	33	2	2	2016	5	1	2	10917	1	9
2/2/2016	33	2	2	2016	13	0	2	10925	1	0
2/2/2016	33	2	2	2016	14	1	2	10926	1	5
2/2/2016	33	2	2	2016	17	1	2	10929	1	16
2/2/2016	33	2	2	2016	21	0	2	10933	1	0
3/2/2016	34	3	2	2016	8	0	2	10944	1	0
3/2/2016	34	3	2	2016	10	0	2	10946	1	0
3/2/2016	34	3	2	2016	15	0	2	10951	1	0
3/2/2016	34	3	2	2016	17	0	2	10953	1	0
3/2/2016	34	3	2	2016	18	0	2	10954	1	0
3/2/2016	34	3	2	2016	20	1	2	10956	1	30
4/2/2016	35	4	2	2016	8	1	2	10968	1	11
5/2/2016	36	5	2	2016	2	1	2	10986	1	74
5/2/2016	36	5	2	2016	13	0	2	10997	1	0
5/2/2016	36	5	2	2016	14	0	2	10998	1	0
5/2/2016	36	5	2	2016	16	1	2	11000	1	24
5/2/2016	36	5	2	2016	18	0	2	11002	1	0
5/2/2016	36	5	2	2016	20	1	2	11004	1	10
6/2/2016	37	6	2	2016	5	1	2	11013	1	168
6/2/2016	37	6	2	2016	7	1	2	11015	1	21
6/2/2016	37	6	2	2016	12	0	2	11020	1	0
6/2/2016	37	6	2	2016	18	1	2	11026	1	11
7/2/2016	38	7	2	2016	17	0	2	11049	1	0
10/2/2016	41	10	2	2016	0	0	2	11104	1	0
10/2/2016	41	10	2	2016	23	0	2	11127	1	0
11/2/2016	42	11	2	2016	0	1	2	11128	1	40
11/2/2016	42	11	2	2016	2	0	2	11130	1	0
11/2/2016	42	11	2	2016	18	1	2	11146	1	5
11/2/2016	42	11	2	2016	19	1	2	11147	1	109
13/02/16	44	13	2	2016	7	1	2	11183	1	21
14/02/16	45	14	2	2016	10	0	2	11210	1	0
14/02/16	45	14	2	2016	17	0	2	11217	1	0
16/02/16	47	16	2	2016	1	1	2	11249	1	49
18/02/16	49	18	2	2016	13	0	2	11309	1	0
18/02/16	49	18	2	2016	18	1	2	11314	1	135
18/02/16	49	18	2	2016	19	1	2	11315	1	25
19/02/16	50	19	2	2016	7	0	2	11327	1	0
19/02/16	50	19	2	2016	15	1	2	11335	1	4
19/02/16	50	19	2	2016	17	0	2	11337	1	0
21/02/16	52	21	2	2016	17	0	2	11385	1	0
21/02/16	52	21	2	2016	19	1	2	11387	1	42
21/02/16	52	21	2	2016	20	0	2	11388	1	0
24/02/16	55	24	2	2016	14	0	2	11454	1	0
25/02/16	56	25	2	2016	7	0	2	11471	1	0
25/02/16	56	25	2	2016	8	0	2	11472	1	0
25/02/16	56	25	2	2016	22	1	2	11486	1	269
26/02/16	57	26	2	2016	3	0	2	11491	1	0
26/02/16	57	26	2	2016	20	1	2	11508	1	48
27/02/16	58	27	2	2016	2	0	2	11514	1	0
20/11/2014	324	20	11	2014	3	1	3	379	1	14
23/12/2014	357	23	12	2014	3	0	3	1171	1	0
4/1/2015	4	4	1	2015	1	0	3	1457	1	0
16/01/2015	16	16	1	2015	7	1	3	1751	1	7
16/01/2015	16	16	1	2015	21	0	3	1765	1	0
18/01/2015	18	18	1	2015	5	0	3	1797	1	0
22/01/2015	22	22	1	2015	6	0	3	1894	1	0
22/01/2015	22	22	1	2015	16	0	3	1904	1	0
24/01/2015	24	24	1	2015	10	0	3	1946	1	0
24/01/2015	24	24	1	2015	11	0	3	1947	1	0
25/01/2015	25	25	1	2015	9	0	3	1969	1	0
27/01/2015	27	27	1	2015	1	1	3	2009	1	397
27/01/2015	27	27	1	2015	6	1	3	2014	1	89
27/01/2015	27	27	1	2015	7	1	3	2015	1	2
27/01/2015	27	27	1	2015	9	1	3	2017	1	19
27/01/2015	27	27	1	2015	10	1	3	2018	1	22
27/01/2015	27	27	1	2015	11	1	3	2019	1	133
27/01/2015	27	27	1	2015	12	1	3	2020	1	11
27/01/2015	27	27	1	2015	13	1	3	2021	1	37
27/01/2015	27	27	1	2015	14	0	3	2022	1	0
27/01/2015	27	27	1	2015	15	0	3	2023	1	0
27/01/2015	27	27	1	2015	16	1	3	2024	1	88
27/01/2015	27	27	1	2015	17	1	3	2025	1	138
27/01/2015	27	27	1	2015	18	0	3	2026	1	0
28/01/2015	28	28	1	2015	0	1	3	2032	1	6
28/01/2015	28	28	1	2015	1	1	3	2033	1	5
28/01/2015	28	28	1	2015	2	1	3	2034	1	3
28/01/2015	28	28	1	2015	3	1	3	2035	1	201
28/01/2015	28	28	1	2015	4	1	3	2036	1	72
28/01/2015	28	28	1	2015	5	1	3	2037	1	21
28/01/2015	28	28	1	2015	6	0	3	2038	1	0
28/01/2015	28	28	1	2015	7	1	3	2039	1	71
28/01/2015	28	28	1	2015	8	1	3	2040	1	10
28/01/2015	28	28	1	2015	9	1	3	2041	1	115
28/01/2015	28	28	1	2015	10	1	3	2042	1	1267
28/01/2015	28	28	1	2015	11	1	3	2043	1	29
28/01/2015	28	28	1	2015	12	1	3	2044	1	14
28/01/2015	28	28	1	2015	16	1	3	2048	1	227
28/01/2015	28	28	1	2015	17	1	3	2049	1	65
28/01/2015	28	28	1	2015	18	0	3	2050	1	0
28/01/2015	28	28	1	2015	19	1	3	2051	1	63
28/01/2015	28	28	1	2015	22	0	3	2054	1	0
28/01/2015	28	28	1	2015	23	0	3	2055	1	0
29/01/2015	29	29	1	2015	0	0	3	2056	1	0
29/01/2015	29	29	1	2015	12	1	3	2068	1	7
29/01/2015	29	29	1	2015	18	0	3	2074	1	0
29/01/2015	29	29	1	2015	20	0	3	2076	1	0
29/01/2015	29	29	1	2015	21	1	3	2077	1	19
30/01/2015	30	30	1	2015	5	1	3	2085	1	161
30/01/2015	30	30	1	2015	6	0	3	2086	1	0
30/01/2015	30	30	1	2015	7	0	3	2087	1	0
30/01/2015	30	30	1	2015	10	0	3	2090	1	0
30/01/2015	30	30	1	2015	13	1	3	2093	1	61
30/01/2015	30	30	1	2015	15	0	3	2095	1	0
30/01/2015	30	30	1	2015	17	0	3	2097	1	0
30/01/2015	30	30	1	2015	19	1	3	2099	1	71
30/01/2015	30	30	1	2015	23	0	3	2103	1	0
31/01/2015	31	31	1	2015	0	1	3	2104	1	26
31/01/2015	31	31	1	2015	11	0	3	2115	1	0
31/01/2015	31	31	1	2015	20	1	3	2124	1	270
1/2/2015	32	1	2	2015	2	0	3	2130	1	0
1/2/2015	32	1	2	2015	3	0	3	2131	1	0
1/2/2015	32	1	2	2015	18	0	3	2146	1	0
2/2/2015	33	2	2	2015	6	0	3	2158	1	0
2/2/2015	33	2	2	2015	18	0	3	2170	1	0
2/2/2015	33	2	2	2015	19	0	3	2171	1	0
2/2/2015	33	2	2	2015	20	0	3	2172	1	0
2/2/2015	33	2	2	2015	23	1	3	2175	1	500
3/2/2015	34	3	2	2015	0	1	3	2176	1	280
3/2/2015	34	3	2	2015	1	1	3	2177	1	33
3/2/2015	34	3	2	2015	21	0	3	2197	1	0
4/2/2015	35	4	2	2015	10	0	3	2210	1	0
4/2/2015	35	4	2	2015	14	1	3	2214	1	113
5/2/2015	36	5	2	2015	8	0	3	2232	1	0
5/2/2015	36	5	2	2015	9	0	3	2233	1	0
5/2/2015	36	5	2	2015	10	0	3	2234	1	0
5/2/2015	36	5	2	2015	13	0	3	2237	1	0
5/2/2015	36	5	2	2015	14	0	3	2238	1	0
6/2/2015	37	6	2	2015	12	0	3	2260	1	0
6/2/2015	37	6	2	2015	14	0	3	2262	1	0
6/2/2015	37	6	2	2015	15	0	3	2263	1	0
6/2/2015	37	6	2	2015	23	0	3	2271	1	0
8/2/2015	39	8	2	2015	20	1	3	2316	1	10
9/2/2015	40	9	2	2015	13	0	3	2333	1	0
9/2/2015	40	9	2	2015	16	0	3	2336	1	0
9/2/2015	40	9	2	2015	20	0	3	2340	1	0
9/2/2015	40	9	2	2015	21	0	3	2341	1	0
9/2/2015	40	9	2	2015	22	1	3	2342	1	2
10/2/2015	41	10	2	2015	2	0	3	2346	1	0
10/2/2015	41	10	2	2015	3	1	3	2347	1	4
10/2/2015	41	10	2	2015	4	1	3	2348	1	50
10/2/2015	41	10	2	2015	5	0	3	2349	1	0
10/2/2015	41	10	2	2015	8	0	3	2352	1	0
10/2/2015	41	10	2	2015	10	0	3	2354	1	0
10/2/2015	41	10	2	2015	12	0	3	2356	1	0
10/2/2015	41	10	2	2015	13	1	3	2357	1	32
10/2/2015	41	10	2	2015	15	0	3	2359	1	0
10/2/2015	41	10	2	2015	16	1	3	2360	1	269
10/2/2015	41	10	2	2015	17	1	3	2361	1	308
10/2/2015	41	10	2	2015	22	1	3	2366	1	38
10/2/2015	41	10	2	2015	23	0	3	2367	1	0
11/2/2015	42	11	2	2015	0	1	3	2368	1	221
11/2/2015	42	11	2	2015	1	1	3	2369	1	282
11/2/2015	42	11	2	2015	2	1	3	2370	1	12
11/2/2015	42	11	2	2015	3	1	3	2371	1	238
11/2/2015	42	11	2	2015	4	1	3	2372	1	408
11/2/2015	42	11	2	2015	5	1	3	2373	1	225
11/2/2015	42	11	2	2015	7	1	3	2375	1	309
11/2/2015	42	11	2	2015	8	1	3	2376	1	1352
11/2/2015	42	11	2	2015	11	1	3	2379	1	45
11/2/2015	42	11	2	2015	13	1	3	2381	1	675
11/2/2015	42	11	2	2015	14	1	3	2382	1	1539
11/2/2015	42	11	2	2015	15	1	3	2383	1	81
11/2/2015	42	11	2	2015	18	0	3	2386	1	0
11/2/2015	42	11	2	2015	20	0	3	2388	1	0
12/2/2015	43	12	2	2015	2	0	3	2394	1	0
12/2/2015	43	12	2	2015	3	1	3	2395	1	26
12/2/2015	43	12	2	2015	6	1	3	2398	1	72
12/2/2015	43	12	2	2015	7	1	3	2399	1	34
12/2/2015	43	12	2	2015	11	0	3	2403	1	0
12/2/2015	43	12	2	2015	14	1	3	2406	1	7
12/2/2015	43	12	2	2015	16	0	3	2408	1	0
12/2/2015	43	12	2	2015	18	1	3	2410	1	61
12/2/2015	43	12	2	2015	23	1	3	2415	1	66
13/02/2015	44	13	2	2015	0	1	3	2416	1	11
13/02/2015	44	13	2	2015	1	1	3	2417	1	95
13/02/2015	44	13	2	2015	7	0	3	2423	1	0
14/02/2015	45	14	2	2015	4	1	3	2444	1	209
14/02/2015	45	14	2	2015	19	0	3	2459	1	0
14/02/2015	45	14	2	2015	20	0	3	2460	1	0
15/02/2015	46	15	2	2015	4	1	3	2468	1	34
15/02/2015	46	15	2	2015	5	1	3	2469	1	440
15/02/2015	46	15	2	2015	6	0	3	2470	1	0
15/02/2015	46	15	2	2015	7	1	3	2471	1	11
15/02/2015	46	15	2	2015	9	1	3	2473	1	40
15/02/2015	46	15	2	2015	10	0	3	2474	1	0
15/02/2015	46	15	2	2015	18	1	3	2482	1	246
15/02/2015	46	15	2	2015	23	0	3	2487	1	0
16/02/2015	47	16	2	2015	0	0	3	2488	1	0
16/02/2015	47	16	2	2015	1	0	3	2489	1	0
16/02/2015	47	16	2	2015	2	1	3	2490	1	4
16/02/2015	47	16	2	2015	7	1	3	2495	1	12
16/02/2015	47	16	2	2015	10	1	3	2498	1	7
16/02/2015	47	16	2	2015	11	0	3	2499	1	0
16/02/2015	47	16	2	2015	13	0	3	2501	1	0
16/02/2015	47	16	2	2015	23	0	3	2511	1	0
17/02/2015	48	17	2	2015	3	1	3	2515	1	74
17/02/2015	48	17	2	2015	9	0	3	2521	1	0
17/02/2015	48	17	2	2015	21	1	3	2533	1	20
18/02/2015	49	18	2	2015	11	1	3	2547	1	50
19/02/2015	50	19	2	2015	7	0	3	2567	1	0
20/02/2015	51	20	2	2015	5	1	3	2589	1	103
21/02/2015	52	21	2	2015	1	0	3	2609	1	0
21/02/2015	52	21	2	2015	5	0	3	2613	1	0
21/02/2015	52	21	2	2015	6	1	3	2614	1	37
21/02/2015	52	21	2	2015	13	0	3	2621	1	0
21/02/2015	52	21	2	2015	15	1	3	2623	1	4
21/02/2015	52	21	2	2015	16	0	3	2624	1	0
21/02/2015	52	21	2	2015	17	1	3	2625	1	23
22/02/2015	53	22	2	2015	18	1	3	2650	1	139
22/02/2015	53	22	2	2015	19	0	3	2651	1	0
22/02/2015	53	22	2	2015	20	0	3	2652	1	0
23/02/2015	54	23	2	2015	11	0	3	2667	1	0
23/02/2015	54	23	2	2015	18	0	3	2674	1	0
24/02/2015	55	24	2	2015	8	0	3	2688	1	0
24/02/2015	55	24	2	2015	12	0	3	2692	1	0
24/02/2015	55	24	2	2015	15	0	3	2695	1	0
24/02/2015	55	24	2	2015	16	1	3	2696	1	56
25/02/2015	56	25	2	2015	7	1	3	2711	1	4
25/02/2015	56	25	2	2015	10	1	3	2714	1	8
25/02/2015	56	25	2	2015	11	0	3	2715	1	0
25/02/2015	56	25	2	2015	19	1	3	2723	1	78
25/02/2015	56	25	2	2015	21	0	3	2725	1	0
25/02/2015	56	25	2	2015	22	1	3	2726	1	270
26/02/2015	57	26	2	2015	5	1	3	2733	1	5
26/02/2015	57	26	2	2015	14	0	3	2742	1	0
26/02/2015	57	26	2	2015	21	1	3	2749	1	6
26/02/2015	57	26	2	2015	22	1	3	2750	1	21
27/02/2015	58	27	2	2015	5	1	3	2757	1	183
27/02/2015	58	27	2	2015	7	0	3	2759	1	0
27/02/2015	58	27	2	2015	8	0	3	2760	1	0
27/02/2015	58	27	2	2015	9	0	3	2761	1	0
27/02/2015	58	27	2	2015	10	0	3	2762	1	0
27/02/2015	58	27	2	2015	21	0	3	2773	1	0
28/02/2015	59	28	2	2015	7	1	3	2783	1	26
28/02/2015	59	28	2	2015	8	0	3	2784	1	0
28/02/2015	59	28	2	2015	13	0	3	2789	1	0
28/02/2015	59	28	2	2015	19	0	3	2795	1	0
1/3/2015	60	1	3	2015	2	0	3	2802	1	0
1/3/2015	60	1	3	2015	3	1	3	2803	1	136
1/3/2015	60	1	3	2015	4	1	3	2804	1	80
1/3/2015	60	1	3	2015	6	0	3	2806	1	0
1/3/2015	60	1	3	2015	7	1	3	2807	1	44
1/3/2015	60	1	3	2015	14	0	3	2814	1	0
1/3/2015	60	1	3	2015	16	0	3	2816	1	0
1/3/2015	60	1	3	2015	21	0	3	2821	1	0
1/3/2015	60	1	3	2015	22	0	3	2822	1	0
2/3/2015	61	2	3	2015	1	1	3	2825	1	246
2/3/2015	61	2	3	2015	2	1	3	2826	1	5
2/3/2015	61	2	3	2015	9	1	3	2833	1	35
2/3/2015	61	2	3	2015	10	0	3	2834	1	0
2/3/2015	61	2	3	2015	13	0	3	2837	1	0
2/3/2015	61	2	3	2015	19	1	3	2843	1	79
2/3/2015	61	2	3	2015	23	0	3	2847	1	0
3/3/2015	62	3	3	2015	0	1	3	2848	1	524
3/3/2015	62	3	3	2015	1	0	3	2849	1	0
3/3/2015	62	3	3	2015	3	0	3	2851	1	0
3/3/2015	62	3	3	2015	7	0	3	2855	1	0
3/3/2015	62	3	3	2015	8	0	3	2856	1	0
3/3/2015	62	3	3	2015	11	0	3	2859	1	0
3/3/2015	62	3	3	2015	12	0	3	2860	1	0
3/3/2015	62	3	3	2015	14	1	3	2862	1	15
3/3/2015	62	3	3	2015	15	0	3	2863	1	0
3/3/2015	62	3	3	2015	23	1	3	2871	1	643
4/3/2015	63	4	3	2015	0	1	3	2872	1	348
4/3/2015	63	4	3	2015	1	1	3	2873	1	260
4/3/2015	63	4	3	2015	2	1	3	2874	1	831
4/3/2015	63	4	3	2015	3	1	3	2875	1	37
4/3/2015	63	4	3	2015	5	0	3	2877	1	0
4/3/2015	63	4	3	2015	6	0	3	2878	1	0
4/3/2015	63	4	3	2015	11	0	3	2883	1	0
4/3/2015	63	4	3	2015	14	0	3	2886	1	0
4/3/2015	63	4	3	2015	19	0	3	2891	1	0
4/3/2015	63	4	3	2015	20	1	3	2892	1	55
4/3/2015	63	4	3	2015	21	0	3	2893	1	0
5/3/2015	64	5	3	2015	3	0	3	2899	1	0
5/3/2015	64	5	3	2015	4	1	3	2900	1	468
5/3/2015	64	5	3	2015	5	0	3	2901	1	0
5/3/2015	64	5	3	2015	6	0	3	2902	1	0
5/3/2015	64	5	3	2015	7	0	3	2903	1	0
5/3/2015	64	5	3	2015	9	0	3	2905	1	0
5/3/2015	64	5	3	2015	10	0	3	2906	1	0
5/3/2015	64	5	3	2015	11	0	3	2907	1	0
5/3/2015	64	5	3	2015	17	1	3	2913	1	9
5/3/2015	64	5	3	2015	20	0	3	2916	1	0
5/3/2015	64	5	3	2015	23	1	3	2919	1	49
6/3/2015	65	6	3	2015	0	1	3	2920	1	337
6/3/2015	65	6	3	2015	1	1	3	2921	1	186
6/3/2015	65	6	3	2015	2	0	3	2922	1	0
6/3/2015	65	6	3	2015	3	1	3	2923	1	101
6/3/2015	65	6	3	2015	4	0	3	2924	1	0
6/3/2015	65	6	3	2015	5	1	3	2925	1	248
6/3/2015	65	6	3	2015	6	0	3	2926	1	0
6/3/2015	65	6	3	2015	7	0	3	2927	1	0
6/3/2015	65	6	3	2015	8	0	3	2928	1	0
6/3/2015	65	6	3	2015	9	0	3	2929	1	0
6/3/2015	65	6	3	2015	11	1	3	2931	1	46
6/3/2015	65	6	3	2015	12	0	3	2932	1	0
6/3/2015	65	6	3	2015	16	1	3	2936	1	29
6/3/2015	65	6	3	2015	18	0	3	2938	1	0
6/3/2015	65	6	3	2015	20	1	3	2940	1	85
7/3/2015	66	7	3	2015	0	0	3	2944	1	0
7/3/2015	66	7	3	2015	3	1	3	2947	1	213
7/3/2015	66	7	3	2015	5	0	3	2949	1	0
7/3/2015	66	7	3	2015	6	0	3	2950	1	0
7/3/2015	66	7	3	2015	7	0	3	2951	1	0
7/3/2015	66	7	3	2015	8	0	3	2952	1	0
7/3/2015	66	7	3	2015	17	0	3	2961	1	0
7/3/2015	66	7	3	2015	20	1	3	2964	1	18
7/3/2015	66	7	3	2015	21	1	3	2965	1	111
8/3/2015	67	8	3	2015	1	1	3	2969	1	258
8/3/2015	67	8	3	2015	3	0	3	2971	1	0
8/3/2015	67	8	3	2015	4	1	3	2972	1	789
8/3/2015	67	8	3	2015	7	0	3	2975	1	0
8/3/2015	67	8	3	2015	8	1	3	2976	1	1
8/3/2015	67	8	3	2015	9	1	3	2977	1	5
8/3/2015	67	8	3	2015	10	0	3	2978	1	0
8/3/2015	67	8	3	2015	12	1	3	2980	1	16
8/3/2015	67	8	3	2015	13	1	3	2981	1	56
8/3/2015	67	8	3	2015	14	0	3	2982	1	0
8/3/2015	67	8	3	2015	16	0	3	2984	1	0
8/3/2015	67	8	3	2015	18	0	3	2986	1	0
8/3/2015	67	8	3	2015	19	0	3	2987	1	0
8/3/2015	67	8	3	2015	20	1	3	2988	1	171
9/3/2015	68	9	3	2015	5	0	3	2997	1	0
9/3/2015	68	9	3	2015	7	0	3	2999	1	0
9/3/2015	68	9	3	2015	8	0	3	3000	1	0
9/3/2015	68	9	3	2015	9	1	3	3001	1	8
9/3/2015	68	9	3	2015	10	0	3	3002	1	0
9/3/2015	68	9	3	2015	14	0	3	3006	1	0
9/3/2015	68	9	3	2015	15	0	3	3007	1	0
9/3/2015	68	9	3	2015	16	0	3	3008	1	0
9/3/2015	68	9	3	2015	17	0	3	3009	1	0
9/3/2015	68	9	3	2015	18	1	3	3010	1	113
9/3/2015	68	9	3	2015	19	0	3	3011	1	0
9/3/2015	68	9	3	2015	21	0	3	3013	1	0
9/3/2015	68	9	3	2015	22	0	3	3014	1	0
10/3/2015	69	10	3	2015	6	0	3	3022	1	0
10/3/2015	69	10	3	2015	7	0	3	3023	1	0
10/3/2015	69	10	3	2015	8	1	3	3024	1	4
10/3/2015	69	10	3	2015	10	0	3	3026	1	0
10/3/2015	69	10	3	2015	11	0	3	3027	1	0
10/3/2015	69	10	3	2015	13	1	3	3029	1	117
10/3/2015	69	10	3	2015	14	1	3	3030	1	11
10/3/2015	69	10	3	2015	15	0	3	3031	1	0
10/3/2015	69	10	3	2015	16	0	3	3032	1	0
10/3/2015	69	10	3	2015	17	1	3	3033	1	9
10/3/2015	69	10	3	2015	19	1	3	3035	1	59
10/3/2015	69	10	3	2015	20	1	3	3036	1	40
10/3/2015	69	10	3	2015	21	0	3	3037	1	0
10/3/2015	69	10	3	2015	22	0	3	3038	1	0
10/3/2015	69	10	3	2015	23	1	3	3039	1	16
11/3/2015	70	11	3	2015	0	1	3	3040	1	1
11/3/2015	70	11	3	2015	1	0	3	3041	1	0
11/3/2015	70	11	3	2015	4	0	3	3044	1	0
11/3/2015	70	11	3	2015	5	1	3	3045	1	63
11/3/2015	70	11	3	2015	8	0	3	3048	1	0
11/3/2015	70	11	3	2015	9	1	3	3049	1	7
11/3/2015	70	11	3	2015	10	1	3	3050	1	134
11/3/2015	70	11	3	2015	11	1	3	3051	1	9
11/3/2015	70	11	3	2015	12	0	3	3052	1	0
11/3/2015	70	11	3	2015	14	0	3	3054	1	0
11/3/2015	70	11	3	2015	15	0	3	3055	1	0
11/3/2015	70	11	3	2015	16	0	3	3056	1	0
11/3/2015	70	11	3	2015	17	1	3	3057	1	6
11/3/2015	70	11	3	2015	18	0	3	3058	1	0
11/3/2015	70	11	3	2015	22	1	3	3062	1	137
12/3/2015	71	12	3	2015	4	1	3	3068	1	225
12/3/2015	71	12	3	2015	5	1	3	3069	1	147
12/3/2015	71	12	3	2015	6	1	3	3070	1	10
12/3/2015	71	12	3	2015	7	1	3	3071	1	10
12/3/2015	71	12	3	2015	8	1	3	3072	1	11
12/3/2015	71	12	3	2015	9	0	3	3073	1	0
12/3/2015	71	12	3	2015	10	0	3	3074	1	0
12/3/2015	71	12	3	2015	13	0	3	3077	1	0
12/3/2015	71	12	3	2015	14	1	3	3078	1	1
12/3/2015	71	12	3	2015	15	1	3	3079	1	26
12/3/2015	71	12	3	2015	16	1	3	3080	1	42
12/3/2015	71	12	3	2015	17	1	3	3081	1	170
12/3/2015	71	12	3	2015	18	1	3	3082	1	9
12/3/2015	71	12	3	2015	19	1	3	3083	1	212
13/03/2015	72	13	3	2015	6	0	3	3094	1	0
13/03/2015	72	13	3	2015	8	0	3	3096	1	0
13/03/2015	72	13	3	2015	9	0	3	3097	1	0
13/03/2015	72	13	3	2015	11	0	3	3099	1	0
13/03/2015	72	13	3	2015	15	0	3	3103	1	0
13/03/2015	72	13	3	2015	16	0	3	3104	1	0
13/03/2015	72	13	3	2015	17	0	3	3105	1	0
13/03/2015	72	13	3	2015	20	0	3	3108	1	0
13/03/2015	72	13	3	2015	21	1	3	3109	1	898
14/03/2015	73	14	3	2015	2	0	3	3114	1	0
14/03/2015	73	14	3	2015	4	0	3	3116	1	0
14/03/2015	73	14	3	2015	6	0	3	3118	1	0
14/03/2015	73	14	3	2015	9	0	3	3121	1	0
14/03/2015	73	14	3	2015	11	0	3	3123	1	0
14/03/2015	73	14	3	2015	12	0	3	3124	1	0
14/03/2015	73	14	3	2015	14	0	3	3126	1	0
14/03/2015	73	14	3	2015	15	0	3	3127	1	0
14/03/2015	73	14	3	2015	17	1	3	3129	1	11
14/03/2015	73	14	3	2015	20	1	3	3132	1	63
14/03/2015	73	14	3	2015	21	1	3	3133	1	64
14/03/2015	73	14	3	2015	23	0	3	3135	1	0
15/03/2015	74	15	3	2015	0	1	3	3136	1	79
15/03/2015	74	15	3	2015	1	1	3	3137	1	139
15/03/2015	74	15	3	2015	4	0	3	3140	1	0
15/03/2015	74	15	3	2015	7	0	3	3143	1	0
15/03/2015	74	15	3	2015	8	0	3	3144	1	0
15/03/2015	74	15	3	2015	10	0	3	3146	1	0
15/03/2015	74	15	3	2015	16	1	3	3152	1	22
15/03/2015	74	15	3	2015	18	0	3	3154	1	0
15/03/2015	74	15	3	2015	19	0	3	3155	1	0
15/03/2015	74	15	3	2015	22	1	3	3158	1	21
16/03/2015	75	16	3	2015	0	1	3	3160	1	114
16/03/2015	75	16	3	2015	1	1	3	3161	1	416
16/03/2015	75	16	3	2015	4	1	3	3164	1	86
16/03/2015	75	16	3	2015	5	0	3	3165	1	0
16/03/2015	75	16	3	2015	7	0	3	3167	1	0
16/03/2015	75	16	3	2015	9	0	3	3169	1	0
16/03/2015	75	16	3	2015	17	0	3	3177	1	0
16/03/2015	75	16	3	2015	19	0	3	3179	1	0
16/03/2015	75	16	3	2015	20	0	3	3180	1	0
16/03/2015	75	16	3	2015	23	0	3	3183	1	0
17/03/2015	76	17	3	2015	0	0	3	3184	1	0
17/03/2015	76	17	3	2015	2	1	3	3186	1	41
17/03/2015	76	17	3	2015	3	1	3	3187	1	106
17/03/2015	76	17	3	2015	7	0	3	3191	1	0
17/03/2015	76	17	3	2015	8	0	3	3192	1	0
17/03/2015	76	17	3	2015	9	1	3	3193	1	8
17/03/2015	76	17	3	2015	13	0	3	3197	1	0
17/03/2015	76	17	3	2015	15	0	3	3199	1	0
17/03/2015	76	17	3	2015	18	0	3	3202	1	0
17/03/2015	76	17	3	2015	19	1	3	3203	1	41
17/03/2015	76	17	3	2015	20	0	3	3204	1	0
17/03/2015	76	17	3	2015	21	1	3	3205	1	372
17/03/2015	76	17	3	2015	22	1	3	3206	1	99
17/03/2015	76	17	3	2015	23	0	3	3207	1	0
18/03/2015	77	18	3	2015	0	1	3	3208	1	5
18/03/2015	77	18	3	2015	1	1	3	3209	1	80
18/03/2015	77	18	3	2015	2	1	3	3210	1	21
18/03/2015	77	18	3	2015	4	1	3	3212	1	22
18/03/2015	77	18	3	2015	5	1	3	3213	1	658
18/03/2015	77	18	3	2015	6	0	3	3214	1	0
18/03/2015	77	18	3	2015	7	1	3	3215	1	297
18/03/2015	77	18	3	2015	8	1	3	3216	1	18
18/03/2015	77	18	3	2015	9	0	3	3217	1	0
18/03/2015	77	18	3	2015	10	0	3	3218	1	0
18/03/2015	77	18	3	2015	11	0	3	3219	1	0
18/03/2015	77	18	3	2015	12	0	3	3220	1	0
18/03/2015	77	18	3	2015	14	0	3	3222	1	0
18/03/2015	77	18	3	2015	15	1	3	3223	1	9
18/03/2015	77	18	3	2015	21	0	3	3229	1	0
18/03/2015	77	18	3	2015	23	1	3	3231	1	27
19/03/2015	78	19	3	2015	0	1	3	3232	1	110
19/03/2015	78	19	3	2015	2	0	3	3234	1	0
19/03/2015	78	19	3	2015	6	0	3	3238	1	0
19/03/2015	78	19	3	2015	9	0	3	3241	1	0
19/03/2015	78	19	3	2015	10	1	3	3242	1	25
19/03/2015	78	19	3	2015	11	0	3	3243	1	0
19/03/2015	78	19	3	2015	12	0	3	3244	1	0
19/03/2015	78	19	3	2015	13	0	3	3245	1	0
19/03/2015	78	19	3	2015	14	0	3	3246	1	0
19/03/2015	78	19	3	2015	15	0	3	3247	1	0
19/03/2015	78	19	3	2015	16	1	3	3248	1	94
19/03/2015	78	19	3	2015	17	0	3	3249	1	0
19/03/2015	78	19	3	2015	18	0	3	3250	1	0
19/03/2015	78	19	3	2015	20	1	3	3252	1	85
19/03/2015	78	19	3	2015	21	1	3	3253	1	168
19/03/2015	78	19	3	2015	23	0	3	3255	1	0
20/03/2015	79	20	3	2015	1	0	3	3257	1	0
20/03/2015	79	20	3	2015	3	0	3	3259	1	0
20/03/2015	79	20	3	2015	4	1	3	3260	1	6
20/03/2015	79	20	3	2015	9	1	3	3265	1	74
20/03/2015	79	20	3	2015	10	0	3	3266	1	0
20/03/2015	79	20	3	2015	13	0	3	3269	1	0
20/03/2015	79	20	3	2015	14	1	3	3270	1	14
20/03/2015	79	20	3	2015	15	1	3	3271	1	49
20/03/2015	79	20	3	2015	20	1	3	3276	1	82
20/03/2015	79	20	3	2015	21	0	3	3277	1	0
20/03/2015	79	20	3	2015	22	1	3	3278	1	23
20/03/2015	79	20	3	2015	23	1	3	3279	1	299
21/03/2015	80	21	3	2015	0	1	3	3280	1	15
21/03/2015	80	21	3	2015	1	1	3	3281	1	173
21/03/2015	80	21	3	2015	2	1	3	3282	1	1210
21/03/2015	80	21	3	2015	3	1	3	3283	1	178
21/03/2015	80	21	3	2015	4	1	3	3284	1	10
21/03/2015	80	21	3	2015	5	1	3	3285	1	822
21/03/2015	80	21	3	2015	7	0	3	3287	1	0
21/03/2015	80	21	3	2015	8	1	3	3288	1	18
21/03/2015	80	21	3	2015	10	1	3	3290	1	74
21/03/2015	80	21	3	2015	12	0	3	3292	1	0
21/03/2015	80	21	3	2015	15	0	3	3295	1	0
21/03/2015	80	21	3	2015	16	0	3	3296	1	0
21/03/2015	80	21	3	2015	17	0	3	3297	1	0
21/03/2015	80	21	3	2015	18	0	3	3298	1	0
21/03/2015	80	21	3	2015	19	0	3	3299	1	0
21/03/2015	80	21	3	2015	20	1	3	3300	1	36
21/03/2015	80	21	3	2015	22	0	3	3302	1	0
22/03/2015	81	22	3	2015	4	0	3	3308	1	0
22/03/2015	81	22	3	2015	5	1	3	3309	1	474
22/03/2015	81	22	3	2015	6	0	3	3310	1	0
22/03/2015	81	22	3	2015	7	0	3	3311	1	0
22/03/2015	81	22	3	2015	17	1	3	3321	1	9
22/03/2015	81	22	3	2015	19	0	3	3323	1	0
23/03/2015	82	23	3	2015	2	0	3	3330	1	0
23/03/2015	82	23	3	2015	3	0	3	3331	1	0
23/03/2015	82	23	3	2015	5	0	3	3333	1	0
23/03/2015	82	23	3	2015	9	0	3	3337	1	0
23/03/2015	82	23	3	2015	11	0	3	3339	1	0
23/03/2015	82	23	3	2015	12	0	3	3340	1	0
23/03/2015	82	23	3	2015	15	1	3	3343	1	22
23/03/2015	82	23	3	2015	16	0	3	3344	1	0
23/03/2015	82	23	3	2015	18	1	3	3346	1	71
23/03/2015	82	23	3	2015	20	1	3	3348	1	70
24/03/2015	83	24	3	2015	0	1	3	3352	1	302
24/03/2015	83	24	3	2015	1	1	3	3353	1	44
24/03/2015	83	24	3	2015	2	1	3	3354	1	379
24/03/2015	83	24	3	2015	13	0	3	3365	1	0
24/03/2015	83	24	3	2015	14	1	3	3366	1	11
24/03/2015	83	24	3	2015	16	0	3	3368	1	0
24/03/2015	83	24	3	2015	19	0	3	3371	1	0
24/03/2015	83	24	3	2015	20	0	3	3372	1	0
24/03/2015	83	24	3	2015	23	1	3	3375	1	32
25/03/2015	84	25	3	2015	2	1	3	3378	1	7
25/03/2015	84	25	3	2015	3	0	3	3379	1	0
25/03/2015	84	25	3	2015	5	1	3	3381	1	61
25/03/2015	84	25	3	2015	11	1	3	3387	1	14
25/03/2015	84	25	3	2015	15	1	3	3391	1	19
25/03/2015	84	25	3	2015	18	1	3	3394	1	30
25/03/2015	84	25	3	2015	19	0	3	3395	1	0
25/03/2015	84	25	3	2015	20	1	3	3396	1	136
25/03/2015	84	25	3	2015	23	1	3	3399	1	108
26/03/2015	85	26	3	2015	5	1	3	3405	1	37
26/03/2015	85	26	3	2015	6	1	3	3406	1	16
26/03/2015	85	26	3	2015	12	0	3	3412	1	0
26/03/2015	85	26	3	2015	16	1	3	3416	1	344
26/03/2015	85	26	3	2015	18	0	3	3418	1	0
27/03/2015	86	27	3	2015	0	1	3	3424	1	38
27/03/2015	86	27	3	2015	1	1	3	3425	1	83
27/03/2015	86	27	3	2015	2	0	3	3426	1	0
27/03/2015	86	27	3	2015	3	0	3	3427	1	0
27/03/2015	86	27	3	2015	5	1	3	3429	1	24
27/03/2015	86	27	3	2015	6	1	3	3430	1	29
27/03/2015	86	27	3	2015	7	0	3	3431	1	0
27/03/2015	86	27	3	2015	11	0	3	3435	1	0
27/03/2015	86	27	3	2015	12	0	3	3436	1	0
27/03/2015	86	27	3	2015	13	1	3	3437	1	72
27/03/2015	86	27	3	2015	16	0	3	3440	1	0
27/03/2015	86	27	3	2015	17	1	3	3441	1	19
27/03/2015	86	27	3	2015	19	1	3	3443	1	94
27/03/2015	86	27	3	2015	22	1	3	3446	1	16
28/03/2015	87	28	3	2015	0	1	3	3448	1	90
28/03/2015	87	28	3	2015	1	1	3	3449	1	16
28/03/2015	87	28	3	2015	6	0	3	3454	1	0
28/03/2015	87	28	3	2015	8	0	3	3456	1	0
29/03/2015	88	29	3	2015	2	0	3	3474	1	0
29/03/2015	88	29	3	2015	3	1	3	3475	1	135
29/03/2015	88	29	3	2015	4	0	3	3476	1	0
29/03/2015	88	29	3	2015	5	0	3	3477	1	0
29/03/2015	88	29	3	2015	6	1	3	3478	1	10
29/03/2015	88	29	3	2015	10	0	3	3482	1	0
29/03/2015	88	29	3	2015	17	0	3	3489	1	0
29/03/2015	88	29	3	2015	18	1	3	3490	1	8
30/03/2015	89	30	3	2015	19	1	3	3515	1	15
31/03/2015	90	31	3	2015	10	0	3	3530	1	0
31/03/2015	90	31	3	2015	20	1	3	3540	1	6
1/4/2015	91	1	4	2015	0	1	3	3544	1	146
1/4/2015	91	1	4	2015	1	1	3	3545	1	20
1/4/2015	91	1	4	2015	6	0	3	3550	1	0
1/4/2015	91	1	4	2015	18	0	3	3562	1	0
1/4/2015	91	1	4	2015	19	0	3	3563	1	0
2/4/2015	92	2	4	2015	1	1	3	3569	1	94
2/4/2015	92	2	4	2015	2	0	3	3570	1	0
2/4/2015	92	2	4	2015	12	0	3	3580	1	0
2/4/2015	92	2	4	2015	14	0	3	3582	1	0
2/4/2015	92	2	4	2015	15	1	3	3583	1	104
2/4/2015	92	2	4	2015	16	0	3	3584	1	0
2/4/2015	92	2	4	2015	17	0	3	3585	1	0
2/4/2015	92	2	4	2015	18	0	3	3586	1	0
2/4/2015	92	2	4	2015	20	0	3	3588	1	0
2/4/2015	92	2	4	2015	22	1	3	3590	1	11
2/4/2015	92	2	4	2015	23	1	3	3591	1	6
3/4/2015	93	3	4	2015	3	0	3	3595	1	0
3/4/2015	93	3	4	2015	6	0	3	3598	1	0
3/4/2015	93	3	4	2015	10	1	3	3602	1	12
3/4/2015	93	3	4	2015	12	1	3	3604	1	5
4/4/2015	94	4	4	2015	3	1	3	3619	1	6
4/4/2015	94	4	4	2015	17	1	3	3633	1	4
5/4/2015	95	5	4	2015	22	0	3	3662	1	0
6/4/2015	96	6	4	2015	3	1	3	3667	1	15
6/4/2015	96	6	4	2015	15	0	3	3679	1	0
6/4/2015	96	6	4	2015	20	0	3	3684	1	0
6/4/2015	96	6	4	2015	23	1	3	3687	1	6
7/4/2015	97	7	4	2015	5	0	3	3693	1	0
7/4/2015	97	7	4	2015	10	1	3	3698	1	3
8/4/2015	98	8	4	2015	8	1	3	3720	1	20
8/4/2015	98	8	4	2015	11	1	3	3723	1	716
8/4/2015	98	8	4	2015	14	0	3	3726	1	0
9/4/2015	99	9	4	2015	6	1	3	3742	1	24
9/4/2015	99	9	4	2015	14	0	3	3750	1	0
9/4/2015	99	9	4	2015	16	0	3	3752	1	0
10/4/2015	100	10	4	2015	7	0	3	3767	1	0
10/4/2015	100	10	4	2015	13	0	3	3773	1	0
10/4/2015	100	10	4	2015	20	1	3	3780	1	80
10/4/2015	100	10	4	2015	21	0	3	3781	1	0
11/4/2015	101	11	4	2015	21	0	3	3805	1	0
13/04/2015	103	13	4	2015	2	0	3	3834	1	0
15/04/2015	105	15	4	2015	3	1	3	3883	1	42
15/04/2015	105	15	4	2015	19	1	3	3899	1	101
16/04/2015	106	16	4	2015	15	0	3	3919	1	0
19/04/2015	109	19	4	2015	15	0	3	3991	1	0
21/04/2015	111	21	4	2015	4	1	3	4028	1	5
22/04/2015	112	22	4	2015	21	0	3	4069	1	0
23/04/2015	113	23	4	2015	13	0	3	4085	1	0
24/04/2015	114	24	4	2015	14	1	3	4110	1	188
25/04/2015	115	25	4	2015	19	0	3	4139	1	0
29/04/2015	119	29	4	2015	0	0	3	4216	1	0
3/5/2015	123	3	5	2015	6	0	3	4318	1	0
3/5/2015	123	3	5	2015	7	1	3	4319	1	41
3/5/2015	123	3	5	2015	8	1	3	4320	1	643
3/5/2015	123	3	5	2015	9	1	3	4321	1	18
3/5/2015	123	3	5	2015	10	1	3	4322	1	204
3/5/2015	123	3	5	2015	12	1	3	4324	1	47
3/5/2015	123	3	5	2015	13	1	3	4325	1	1221
3/5/2015	123	3	5	2015	14	1	3	4326	1	29
5/5/2015	125	5	5	2015	12	0	3	4372	1	0
5/5/2015	125	5	5	2015	13	1	3	4373	1	1105
5/5/2015	125	5	5	2015	18	1	3	4378	1	917
5/5/2015	125	5	5	2015	19	1	3	4379	1	1617
5/5/2015	125	5	5	2015	22	0	3	4382	1	0
5/5/2015	125	5	5	2015	23	1	3	4383	1	279
6/5/2015	126	6	5	2015	0	1	3	4384	1	159
8/5/2015	128	8	5	2015	2	1	3	4434	1	794
11/5/2015	131	11	5	2015	18	1	3	4522	1	12
11/5/2015	131	11	5	2015	19	1	3	4523	1	304
16/05/2015	136	16	5	2015	4	1	3	4628	1	97
21/09/2015	264	21	9	2015	1	0	3	7697	1	0
14/12/2015	348	14	12	2015	21	1	3	9733	1	14
1/1/2016	1	1	1	2016	19	0	3	10163	1	0
4/1/2016	4	4	1	2016	23	0	3	10239	1	0
10/1/2016	10	10	1	2016	2	0	3	10362	1	0
11/1/2016	11	11	1	2016	0	0	3	10384	1	0
12/1/2016	12	12	1	2016	10	0	3	10418	1	0
12/1/2016	12	12	1	2016	19	1	3	10427	1	9
12/1/2016	12	12	1	2016	23	0	3	10431	1	0
13/01/2016	13	13	1	2016	21	1	3	10453	1	19
14/01/2016	14	14	1	2016	3	1	3	10459	1	91
14/01/2016	14	14	1	2016	20	1	3	10476	1	58
17/01/2016	17	17	1	2016	5	0	3	10533	1	0
23/01/2016	23	23	1	2016	16	1	3	10688	1	39
24/01/2016	24	24	1	2016	0	1	3	10696	1	145
24/01/2016	24	24	1	2016	5	1	3	10701	1	30
24/01/2016	24	24	1	2016	6	1	3	10702	1	56
24/01/2016	24	24	1	2016	18	0	3	10714	1	0
25/01/2016	25	25	1	2016	2	1	3	10722	1	5
25/01/2016	25	25	1	2016	3	0	3	10723	1	0
25/01/2016	25	25	1	2016	4	1	3	10724	1	15
25/01/2016	25	25	1	2016	5	1	3	10725	1	29
26/01/2016	26	26	1	2016	0	1	3	10744	1	213
2/2/2016	33	2	2	2016	5	1	3	10917	1	287
2/2/2016	33	2	2	2016	15	0	3	10927	1	0
8/2/2016	39	8	2	2016	13	1	3	11069	1	32
8/2/2016	39	8	2	2016	18	0	3	11074	1	0
9/2/2016	40	9	2	2016	9	0	3	11089	1	0
10/2/2016	41	10	2	2016	4	0	3	11108	1	0
12/2/2016	43	12	2	2016	6	0	3	11158	1	0
13/02/2016	44	13	2	2016	21	0	3	11197	1	0
16/02/2016	47	16	2	2016	20	1	3	11268	1	63
17/02/2016	48	17	2	2016	1	1	3	11273	1	104
17/02/2016	48	17	2	2016	5	0	3	11277	1	0
17/02/2016	48	17	2	2016	7	0	3	11279	1	0
17/02/2016	48	17	2	2016	15	1	3	11287	1	55
19/02/2016	50	19	2	2016	23	1	3	11343	1	5
20/02/2016	51	20	2	2016	3	1	3	11347	1	49
22/02/2016	53	22	2	2016	23	0	3	11415	1	0
23/02/2016	54	23	2	2016	3	0	3	11419	1	0
23/02/2016	54	23	2	2016	4	1	3	11420	1	30
24/02/2016	55	24	2	2016	4	1	3	11444	1	5
25/02/2016	56	25	2	2016	4	1	3	11468	1	114
25/02/2016	56	25	2	2016	5	1	3	11469	1	54
25/02/2016	56	25	2	2016	6	0	3	11470	1	0
26/02/2016	57	26	2	2016	19	0	3	11507	1	0
1/3/2016	61	1	3	2016	22	1	3	11606	1	228
2/3/2016	62	2	3	2016	1	0	3	11609	1	0
2/3/2016	62	2	3	2016	8	1	3	11616	1	51
4/3/2016	64	4	3	2016	19	0	3	11675	1	0
4/3/2016	64	4	3	2016	22	1	3	11678	1	73
6/3/2016	66	6	3	2016	7	0	3	11711	1	0
7/3/2016	67	7	3	2016	19	1	3	11747	1	466
7/3/2016	67	7	3	2016	20	1	3	11748	1	848
12/3/2016	72	12	3	2016	22	1	3	11870	1	67
13/03/2016	73	13	3	2016	21	1	3	11893	1	472
18/03/2016	78	18	3	2016	18	0	3	12010	1	0
19/03/2016	79	19	3	2016	19	0	3	12035	1	0
19/03/2016	79	19	3	2016	20	0	3	12036	1	0
21/03/2016	81	21	3	2016	9	0	3	12073	1	0
24/03/2016	84	24	3	2016	16	0	3	12152	1	0
25/03/2016	85	25	3	2016	1	1	3	12161	1	17
4/4/2016	95	4	4	2016	14	0	3	12414	1	0
5/4/2016	96	5	4	2016	1	0	3	12425	1	0
5/4/2016	96	5	4	2016	20	1	3	12444	1	6
6/4/2016	97	6	4	2016	17	0	3	12465	1	0
9/4/2016	100	9	4	2016	9	0	3	12529	1	0
9/4/2016	100	9	4	2016	10	1	3	12530	1	2047
9/4/2016	100	9	4	2016	11	1	3	12531	1	528
10/4/2016	101	10	4	2016	16	0	3	12560	1	0
11/4/2016	102	11	4	2016	0	1	3	12568	1	63
11/4/2016	102	11	4	2016	1	1	3	12569	1	367
19/04/2016	110	19	4	2016	2	0	3	12762	1	0
20/04/2016	111	20	4	2016	1	1	3	12785	1	562
21/04/2016	112	21	4	2016	20	1	3	12828	1	65
21/04/2016	112	21	4	2016	23	1	3	12831	1	474
22/04/2016	113	22	4	2016	10	1	3	12842	1	772
24/04/2016	115	24	4	2016	21	1	3	12901	1	9
24/04/2016	115	24	4	2016	22	1	3	12902	1	171
24/04/2016	115	24	4	2016	23	1	3	12903	1	25
15/05/2016	136	15	5	2016	2	0	3	13386	1	0
27/04/2015	117	27	4	2015	6	0	4	4174	1	0
28/04/2015	118	28	4	2015	18	1	4	4210	1	35
28/04/2015	118	28	4	2015	19	1	4	4211	1	82
1/5/2015	121	1	5	2015	2	0	4	4266	1	0
3/5/2015	123	3	5	2015	20	1	4	4332	1	15
1/10/2015	274	1	10	2015	23	1	4	7959	1	1
5/1/2016	5	5	1	2016	6	0	4	10246	1	0
11/1/2016	11	11	1	2016	5	1	4	10389	1	8
16/01/2016	16	16	1	2016	3	1	4	10507	1	30
25/01/2016	25	25	1	2016	6	0	4	10726	1	0
30/01/2016	30	30	1	2016	18	0	4	10858	1	0
14/02/2016	45	14	2	2016	23	0	4	11223	1	0
