locality	type	lat	long	water	urban	agr	natural	bare	bloom.cat	time	wind	temp	hb	bumble	carpenter	hlb	svastra	agtex	ssb.med	ssb.small	sdb.round	sdb.shield	shbb.large	shbb.med	shbb.small	anthidium	cuckoo	total.native	total	min	num.group	shannon	even
arabian	a	37.939948	-121.664398	0	18900	252000	513900	1800	3	am	2.7	80.9	70	0	0	2	0	4	0	0	1	3	0	0	1	0	0	11	81	90	6	0.596646987	0.332995024
arabian	a	37.939948	-121.664398	0	18900	252000	513900	1800	3	mid	1.35	94.3	44	0	0	0	0	1	0	0	0	2	0	1	3	0	0	7	51	90	5	0.575228081	0.357409302
arabian	a	37.939948	-121.664398	0	18900	252000	513900	1800	3	pm	0.8	91.1	24	0	0	0	0	0	0	1	6	2	0	0	0	0	0	9	33	90	4	0.817412316	0.589638347
bdm_f	n	37.965571	-121.828009	0	37800	0	747900	0	3	am	2.3	86.1	34	1	0	7	0	0	0	4	1	0	0	4	0	0	0	17	51	90	6	1.096374971	0.611898522
bdm_f	n	37.965571	-121.828009	0	37800	0	747900	0	3	mid	3.75	87.4	24	0	0	2	0	0	0	0	1	2	0	0	0	0	0	5	29	90	4	0.641575808	0.462799118
bdm_f	n	37.965571	-121.828009	0	37800	0	747900	0	3	pm	3.7	91.45	27	4	1	0	0	0	0	4	1	0	0	0	0	0	0	10	37	90	5	0.906108446	0.562996832
bdm_s	n	37.972209	-121.860931	0	4500	16200	765000	0	4	am	2.4	85.6	40	0	0	9	0	0	1	1	2	0	0	8	1	0	1	23	63	90	8	1.201039075	0.577577706
bdm_s	n	37.972209	-121.860931	0	4500	16200	765000	0	4	mid	2.15	85.4	29	0	0	2	0	0	0	3	3	0	0	5	1	0	0	14	43	90	6	1.117555076	0.623719363
bdm_s	n	37.972209	-121.860931	0	4500	16200	765000	0	4	pm	2.5	92.1	14	0	0	0	0	0	0	2	4	0	0	5	1	0	0	12	26	90	5	1.260963308	0.783480554
bs	a	37.911159	-121.677492	0	198000	558000	32400	0	4	am	0.85	88.95	88	0	0	1	0	0	1	9	2	0	2	2	0	0	0	17	105	90	7	0.673583741	0.346153568
bs	a	37.911159	-121.677492	0	198000	558000	32400	0	4	mid	1.5	89	81	0	0	0	0	0	0	3	8	5	0	0	0	0	0	16	97	90	4	0.616680666	0.444841069
bs	a	37.911159	-121.677492	0	198000	558000	32400	0	4	pm	1.65	94.9	216	0	0	0	0	0	0	7	2	2	0	0	0	0	0	11	227	90	4	0.237927569	0.171628462
castellina	u	37.936894	-121.73757	900	760500	1800	18000	900	2	am	1.4	90	22	0	0	0	0	0	6	15	25	2	0	1	3	0	0	52	74	90	7	1.540169544	0.791490576
castellina	u	37.936894	-121.73757	900	760500	1800	18000	900	2	mid	3.4	92.3	8	0	0	0	0	0	19	13	7	23	0	4	10	0	0	76	84	90	7	1.808995597	0.929639839
castellina	u	37.936894	-121.73757	900	760500	1800	18000	900	2	pm	1.75	92.95	3	0	0	0	0	0	19	0	6	25	0	3	1	0	0	54	57	90	6	1.345534307	0.750956995
delta_holland	a	37.977339	-121.617646	165600	9900	516600	90000	0	3	am	1.7	77.65	38	0	0	2	0	0	2	0	1	0	0	1	0	0	0	6	44	90	5	0.57962457	0.360140995
delta_holland	a	37.977339	-121.617646	165600	9900	516600	90000	0	3	mid	2.2	89.6	49	0	0	0	1	2	1	0	2	6	0	2	0	0	0	14	63	90	7	0.879505607	0.451976474
delta_holland	a	37.977339	-121.617646	165600	9900	516600	90000	0	3	pm	2	90.7	33	0	0	1	0	0	2	0	2	5	0	3	0	0	0	13	46	90	6	1.013416077	0.565598282
dv_h	u	37.99319	-121.782073	0	747000	0	38700	0	2	am	2.55	76.5	5	0	0	1	0	0	50	6	7	1	0	1	0	0	0	66	71	90	15	1.051126811	0.540172326
dv_h	u	37.99319	-121.782073	0	747000	0	38700	0	2	mid	3.4	84.4	3	2	0	0	0	0	59	5	3	20	0	0	1	0	0	90	93	90	15	1.12921764	0.580303074
dv_h	u	37.99319	-121.782073	0	747000	0	38700	0	2	pm	2.6	84.7	10	1	0	2	0	0	41	18	4	12	0	1	0	0	0	79	89	90	15	1.521677393	0.731772143
griffith	u	37.934168	-121.706412	900	558000	214200	14400	0	3	am	2.2	84.5	42	0	0	0	0	2	12	7	3	0	0	2	2	0	0	28	70	90	7	1.27882246	0.657184742
griffith	u	37.934168	-121.706412	900	558000	214200	14400	0	3	mid	1.1	89.8	37	0	0	0	0	1	19	5	0	3	0	0	3	1	0	32	69	90	7	1.274872205	0.655154713
griffith	u	37.934168	-121.706412	900	558000	214200	14400	0	3	pm	1.85	96	50	0	0	0	0	0	25	7	0	0	0	2	2	0	0	36	86	90	5	1.053568161	0.654618704
lv_ng	n	37.860988	-121.69785	0	900	0	782100	0	4	am	1.85	86.85	64	0	0	0	4	0	3	3	4	0	0	1	0	0	0	15	79	90	6	0.776402967	0.433318746
lv_ng	n	37.860988	-121.69785	0	900	0	782100	0	4	mid	2.6	91.25	54	0	0	2	0	0	5	1	6	1	0	0	1	0	0	16	70	90	7	0.882935538	0.45373911
lv_ng	n	37.860988	-121.69785	0	900	0	782100	0	4	pm	3.3	91	50	0	0	2	0	0	2	9	3	0	0	0	0	0	0	16	66	90	5	0.834433575	0.51846273
lv_pond	n	37.845766	-121.718725	900	900	9000	772200	0	4	am	1.15	80.3	13	3	0	0	0	0	2	2	7	0	0	10	0	0	0	24	37	90	6	1.555242529	0.867997382
lv_pond	n	37.845766	-121.718725	900	900	9000	772200	0	4	mid	1.8	91.75	3	1	0	1	0	0	3	4	0	2	0	14	2	0	0	27	30	90	8	1.672655965	0.804377488
lv_pond	n	37.845766	-121.718725	900	900	9000	772200	0	4	pm	3	98.2	18	6	0	0	0	0	1	4	1	0	0	2	3	2	0	19	37	90	8	1.600354359	0.769607766
mc_b	a	37.896546	-121.640948	0	71100	702900	11700	0	4	am	1.45	85.1	151	0	0	5	0	0	2	6	3	6	0	0	1	0	0	23	174	90	7	0.608252484	0.312579943
mc_b	a	37.896546	-121.640948	0	71100	702900	11700	0	4	mid	3	92.5	112	0	0	6	0	0	4	13	0	1	0	0	2	0	0	26	138	90	6	0.727991049	0.40629954
mc_b	a	37.896546	-121.640948	0	71100	702900	11700	0	4	pm	1.25	95.3	207	0	0	2	0	0	0	5	5	5	0	3	3	0	0	23	230	90	7	0.498982235	0.256426143
mv_rg	u	37.994988	-121.826673	0	783000	0	0	0	4	am	1.95	82.35	30	0	0	9	3	1	39	13	2	0	0	5	1	0	0	73	103	90	9	1.617607539	0.736204918
mv_rg	u	37.994988	-121.826673	0	783000	0	0	0	4	mid	1.2	90.7	44	0	0	1	16	0	22	12	2	0	0	7	0	0	2	62	106	90	8	1.596632141	0.767817758
mv_rg	u	37.994988	-121.826673	0	783000	0	0	0	4	pm	2.25	93.75	17	0	0	1	3	0	25	5	0	0	0	5	1	0	0	40	57	90	7	1.446090944	0.743143739
